Date,Open,High,Low,Close,Volume
2001-12-31,10136.36,10283.67,9935.70,10259.74,0
2002-01-07,10261.33,10300.15,9985.25,9987.53,0
2002-01-14,9985.38,9986.21,9711.10,9771.85,0
2002-01-22,9772.34,9897.85,9680.51,9840.08,0
2002-01-28,9843.05,9943.94,9529.46,9907.26,0
2002-02-04,9905.46,9905.46,9580.32,9744.24,0
2002-02-11,9739.81,10052.29,9710.68,9903.04,0
2002-02-19,9899.24,10029.94,9734.21,9968.15,0
2002-02-25,9969.75,10374.88,9966.36,10368.86,0
2002-03-04,10368.10,10663.83,10366.78,10572.49,0
2002-03-11,10570.07,10647.09,10474.17,10607.23,0
2002-03-18,10608.54,10673.10,10354.74,10427.67,0
2002-03-25,10428.43,10502.61,10276.76,10403.94,0
2002-04-01,10402.07,10402.07,10139.48,10271.64,0
2002-04-08,10258.91,10394.67,10120.87,10190.82,0
2002-04-15,10189.57,10326.44,10057.00,10257.11,0
2002-04-22,10256.00,10256.00,9910.72,9910.72,0
2002-04-29,9910.52,10117.54,9811.57,10006.63,0
2002-05-06,10005.80,10148.94,9807.69,9939.92,0
2002-05-13,9938.82,10353.43,9920.20,10353.08,0
2002-05-20,10348.93,10348.93,10063.50,10104.26,0
2002-05-28,10106.54,10118.51,9802.23,9925.25,0
2002-06-03,9923.94,9986.49,9472.54,9589.67,0
2002-06-10,9587.38,9758.80,9260.99,9474.21,0
2002-06-17,9476.50,9733.39,9220.63,9253.79,0
2002-06-24,9252.47,9413.08,8926.57,9243.26,0
2002-07-01,9239.25,9379.85,8897.54,9379.50,0
2002-07-08,9375.70,9410.38,8599.66,8684.53,0
2002-07-15,8681.28,8723.37,7966.72,8019.26,0
2002-07-22,8015.04,8309.39,7532.66,8264.39,0
2002-07-29,8267.99,8762.14,8203.82,8313.13,0
2002-08-05,8312.92,8796.68,8030.82,8745.45,0
2002-08-12,8741.92,8854.21,8353.07,8778.06,0
2002-08-19,8777.09,9077.01,8753.52,8872.96,0
2002-08-26,8873.93,9017.02,8558.02,8663.50,0
2002-09-03,8659.27,8659.27,8217.05,8427.20,0
2002-09-09,8425.88,8726.90,8247.84,8312.69,0
2002-09-16,8311.79,8482.34,7922.07,7986.02,0
2002-09-23,7984.77,8012.42,7665.66,7701.45,0
2002-09-30,7698.81,7969.37,7460.78,7528.40,0
2002-10-07,7528.68,7901.26,7197.49,7850.29,0
2002-10-14,7848.21,8331.56,7745.70,8322.40,0
2002-10-21,8320.74,8558.63,8230.50,8443.99,0
2002-10-28,8448.98,8542.27,8198.04,8517.64,0
2002-11-04,8521.60,8800.00,8498.92,8537.13,0
2002-11-11,8535.81,8583.95,8298.68,8579.09,0
2002-11-18,8579.74,8880.39,8405.12,8804.84,0
2002-11-25,8804.97,8950.33,8670.18,8896.09,0
2002-12-02,8902.95,9043.37,8501.86,8645.77,0
2002-12-09,8643.99,8643.99,8422.94,8433.71,0
2002-12-16,8436.59,8638.64,8327.78,8511.32,0
2002-12-23,8511.39,8565.01,8285.14,8303.78,0
2002-12-30,8304.06,8635.49,8242.91,8601.69,0
2003-01-06,8602.78,8818.55,8580.10,8784.89,0
2003-01-13,8787.83,8869.29,8559.11,8586.74,0
2003-01-21,8586.26,8623.49,8112.43,8131.01,0
2003-01-27,8128.54,8158.02,7917.16,8053.81,0
2003-02-03,8053.74,8152.53,7830.02,7864.23,0
2003-02-10,7865.74,7985.52,7628.99,7908.80,0
2003-02-18,7909.30,8076.02,7854.38,8018.11,0
2003-02-24,8017.34,8017.34,7719.64,7891.08,0
2003-03-03,7890.24,7981.46,7562.65,7740.03,0
2003-03-10,7739.40,7931.63,7416.64,7859.71,0
2003-03-17,7857.96,8522.18,7779.73,8521.97,0
2003-03-24,8514.82,8514.82,8104.05,8145.77,0
2003-03-31,8142.83,8335.62,7929.31,8277.15,0
2003-04-07,8284.15,8520.21,8145.87,8203.41,0
2003-04-14,8203.97,8446.47,8201.55,8337.65,0
2003-04-21,8336.67,8526.38,8263.98,8306.35,0
2003-04-28,8306.84,8593.25,8305.03,8582.68,0
2003-05-05,8583.17,8641.22,8477.36,8604.60,0
2003-05-12,8603.90,8743.47,8569.44,8678.97,0
2003-05-19,8676.52,8676.59,8416.72,8601.38,0
2003-05-27,8600.54,8868.33,8540.59,8850.26,0
2003-06-02,8851.45,9215.88,8851.45,9062.79,0
2003-06-09,9061.18,9236.11,8945.59,9117.12,0
2003-06-16,9117.56,9352.77,9117.56,9200.75,0
2003-06-23,9199.49,9199.70,8970.28,8989.05,0
2003-06-30,8990.74,9149.63,8871.20,9070.21,0
2003-07-07,9073.92,9261.12,8996.76,9119.59,0
2003-07-14,9126.45,9278.41,9017.84,9188.15,0
2003-07-21,9187.80,9284.57,9037.30,9284.57,0
2003-07-28,9284.92,9361.40,9138.29,9153.97,0
2003-08-04,9154.18,9209.15,8997.11,9191.09,0
2003-08-11,9189.62,9337.17,9146.62,9321.69,0
2003-08-18,9320.66,9499.97,9320.59,9348.87,0
2003-08-25,9349.44,9421.23,9233.08,9415.82,0
2003-09-02,9416.67,9609.09,9389.58,9503.34,0
2003-09-08,9503.41,9599.34,9380.95,9471.55,0
2003-09-15,9471.19,9686.08,9436.60,9644.82,0
2003-09-22,9641.80,9641.87,9303.82,9313.08,0
2003-09-29,9314.42,9666.53,9230.47,9572.31,0
2003-10-06,9572.39,9768.69,9536.02,9674.68,0
2003-10-13,9675.72,9850.01,9675.57,9721.79,0
2003-10-20,9721.50,9784.31,9497.72,9582.46,0
2003-10-27,9584.54,9839.86,9584.54,9801.12,0
2003-11-03,9802.46,9903.57,9773.12,9809.79,0
2003-11-10,9807.49,9892.97,9719.05,9768.68,0
2003-11-17,9765.64,9765.64,9585.50,9628.53,0
2003-11-24,9629.87,9804.98,9629.87,9782.46,0
2003-12-01,9785.35,9942.01,9785.35,9862.68,0
2003-12-08,9862.01,10052.07,9859.57,10042.16,0
2003-12-15,10046.53,10293.19,10021.64,10278.22,0
2003-12-22,10276.48,10375.93,10255.26,10324.67,0
2003-12-29,10321.35,10527.03,10321.35,10409.85,0
2004-01-05,10411.85,10592.59,10411.85,10458.89,0
2004-01-12,10461.55,10600.74,10367.41,10600.51,0
2004-01-20,10601.40,10660.88,10490.96,10568.29,0
2004-01-26,10568.00,10705.18,10417.85,10488.07,0
2004-02-02,10487.78,10593.40,10434.67,10593.03,0
2004-02-09,10592.00,10746.88,10559.26,10627.85,0
2004-02-17,10628.88,10753.63,10580.66,10619.03,0
2004-02-23,10619.55,10652.36,10521.70,10583.92,0
2004-03-01,10582.25,10695.55,10524.59,10595.55,0
2004-03-08,10595.37,10634.29,10120.38,10240.08,0
2004-03-15,10238.45,10328.82,10092.47,10186.60,0
2004-03-22,10185.93,10271.78,10007.49,10212.97,0
2004-03-29,10212.91,10496.44,10212.91,10470.59,0
2004-04-05,10470.59,10570.81,10393.91,10442.03,0
2004-04-12,10444.38,10552.61,10322.16,10451.97,0
2004-04-19,10451.62,10496.61,10250.48,10472.84,0
2004-04-26,10472.91,10537.35,10219.18,10225.57,0
2004-05-03,10227.27,10386.32,10114.86,10117.34,0
2004-05-10,10116.28,10116.28,9852.19,10012.87,0
2004-05-17,10009.92,10093.21,9862.77,9966.74,0
2004-05-24,9968.02,10222.24,9915.86,10188.45,0
2004-06-01,10187.18,10302.08,10134.86,10242.82,0
2004-06-07,10243.31,10432.81,10243.31,10410.10,0
2004-06-14,10401.23,10437.90,10307.05,10416.41,0
2004-06-21,10417.82,10487.54,10307.25,10371.84,0
2004-06-28,10377.52,10471.24,10264.92,10282.83,0
2004-07-06,10280.26,10280.26,10166.25,10213.22,0
2004-07-12,10211.75,10286.89,10135.13,10139.78,0
2004-07-19,10140.95,10237.12,9931.77,9962.22,0
2004-07-26,9964.71,10163.01,9913.92,10139.71,0
2004-08-02,10138.45,10203.56,9793.05,9815.33,0
2004-08-09,9816.14,9954.18,9783.91,9825.35,0
2004-08-16,9825.35,10126.88,9825.35,10110.14,0
2004-08-23,10111.10,10211.25,10062.13,10195.01,0
2004-08-30,10193.83,10321.77,10074.22,10260.20,0
2004-09-07,10261.52,10363.36,10237.78,10313.07,0
2004-09-13,10306.65,10348.39,10228.64,10284.46,0
2004-09-20,10283.87,10283.87,10031.16,10047.24,0
2004-09-27,10046.65,10198.62,9977.92,10192.65,0
2004-10-04,10191.40,10270.37,10036.32,10055.20,0
2004-10-11,10056.09,10127.17,9875.13,9933.38,0
2004-10-18,9932.98,10020.55,9753.02,9757.81,0
2004-10-25,9757.22,10044.95,9708.40,10027.47,0
2004-11-01,10028.73,10416.67,10010.15,10387.54,0
2004-11-08,10385.15,10539.60,10361.44,10539.01,0
2004-11-15,10541.89,10602.85,10438.58,10456.91,0
2004-11-22,10455.73,10543.29,10432.01,10522.23,0
2004-11-29,10520.64,10643.05,10417.08,10592.21,0
2004-12-06,10591.32,10591.99,10418.63,10543.22,0
2004-12-13,10543.44,10739.33,10543.21,10649.92,0
2004-12-20,10652.14,10864.67,10652.07,10827.12,0
2004-12-27,10828.01,10868.07,10773.92,10783.01,0
2005-01-03,10783.75,10867.39,10571.74,10603.96,0
2005-01-10,10603.44,10663.74,10485.73,10558.00,0
2005-01-18,10554.23,10628.94,10390.85,10392.99,0
2005-01-24,10393.58,10531.99,10368.61,10427.20,0
2005-01-31,10428.76,10723.89,10428.76,10716.13,0
2005-02-07,10715.76,10829.19,10660.42,10796.01,0
2005-02-14,10795.72,10853.43,10730.32,10785.22,0
2005-02-22,10783.38,10845.60,10608.98,10841.60,0
2005-02-28,10842.05,10962.42,10730.47,10940.55,0
2005-03-07,10940.55,10984.46,10758.55,10774.36,0
2005-03-14,10773.92,10838.65,10557.04,10629.67,0
2005-03-21,10629.90,10630.49,10430.53,10442.87,0
2005-03-28,10444.13,10568.93,10381.02,10404.30,0
2005-04-04,10401.71,10557.11,10356.71,10461.34,0
2005-04-11,10462.08,10529.77,10076.57,10087.51,0
2005-04-18,10088.54,10219.34,10000.46,10157.71,0
2005-04-25,10158.52,10263.60,10048.12,10192.51,0
2005-05-02,10192.00,10405.77,10188.07,10345.40,0
2005-05-09,10345.40,10384.86,10075.55,10140.12,0
2005-05-16,10139.61,10499.26,10138.28,10471.91,0
2005-05-23,10472.80,10560.81,10426.39,10542.55,0
2005-05-31,10541.89,10586.37,10448.41,10460.97,0
2005-06-06,10461.64,10578.84,10430.97,10512.63,0
2005-06-13,10503.57,10656.29,10474.38,10623.07,0
2005-06-20,10621.54,10646.24,10297.84,10297.84,0
2005-06-27,10298.07,10433.79,10253.49,10303.44,0
2005-07-05,10303.13,10462.26,10175.40,10449.14,0
2005-07-11,10449.60,10657.69,10449.60,10640.83,0
2005-07-18,10640.19,10700.06,10574.99,10651.18,0
2005-07-25,10651.66,10717.73,10572.92,10640.91,0
2005-08-01,10641.78,10699.19,10554.45,10558.03,0
2005-08-08,10557.24,10719.41,10524.91,10600.31,0
2005-08-15,10599.19,10655.08,10503.37,10559.23,0
2005-08-22,10559.78,10641.15,10383.98,10397.29,0
2005-08-29,10396.90,10513.76,10349.37,10447.37,0
2005-09-06,10447.69,10695.92,10447.69,10678.56,0
2005-09-12,10678.41,10701.81,10520.93,10641.94,0
2005-09-19,10641.87,10644.57,10350.96,10419.59,0
2005-09-26,10420.22,10569.81,10410.11,10568.70,0
2005-10-03,10569.50,10608.56,10218.09,10292.31,0
2005-10-10,10292.95,10323.12,10156.46,10287.34,0
2005-10-17,10287.42,10432.78,10193.45,10215.22,0
2005-10-24,10216.11,10434.47,10216.11,10402.77,0
2005-10-31,10403.17,10561.16,10388.76,10530.76,0
2005-11-07,10531.24,10696.45,10519.39,10686.04,0
2005-11-14,10686.60,10796.26,10652.27,10766.33,0
2005-11-21,10766.33,10955.48,10761.05,10931.62,0
2005-11-28,10932.74,10959.79,10803.87,10877.51,0
2005-12-05,10876.95,10924.90,10729.67,10778.58,0
2005-12-12,10778.66,10940.34,10735.11,10875.59,0
2005-12-19,10875.51,10922.41,10789.62,10883.27,0
2005-12-27,10883.75,10932.82,10709.42,10717.50,0
2006-01-03,10718.30,10968.84,10684.45,10959.31,0
2006-01-09,10959.47,11047.76,10921.53,10959.87,0
2006-01-17,10957.55,10957.87,10661.15,10667.39,0
2006-01-23,10668.75,10932.34,10666.35,10907.21,0
2006-01-30,10908.49,10967.57,10779.06,10793.62,0
2006-02-06,10793.30,10952.27,10737.67,10919.05,0
2006-02-13,10915.21,11131.95,10849.89,11115.32,0
2006-02-21,11115.48,11159.18,11010.22,11061.85,0
2006-02-27,11062.81,11132.61,10978.61,11021.59,0
2006-03-06,11022.47,11098.99,10922.73,11076.34,0
2006-03-13,11067.61,11290.07,11056.33,11279.65,0
2006-03-20,11278.93,11334.96,11221.54,11279.97,0
2006-03-27,11280.13,11281.77,11105.65,11109.32,0
2006-04-03,11113.00,11269.30,11108.02,11120.04,0
2006-04-10,11119.88,11186.64,11053.17,11137.65,0
2006-04-17,11137.33,11405.88,11039.12,11347.45,0
2006-04-24,11346.81,11417.66,11260.84,11367.14,0
2006-05-01,11367.78,11586.38,11329.44,11577.74,0
2006-05-08,11576.37,11670.19,11374.74,11380.99,0
2006-05-15,11380.43,11460.55,11075.22,11144.06,0
2006-05-22,11143.42,11283.49,11030.47,11278.61,0
2006-05-30,11277.25,11285.82,11085.38,11247.87,0
2006-06-05,11247.55,11248.79,10757.55,10891.92,0
2006-06-12,10892.00,11045.20,10698.85,11014.55,0
2006-06-19,11014.87,11131.73,10907.29,10989.09,0
2006-06-26,10990.29,11235.63,10902.48,11150.22,0
2006-07-03,11149.34,11257.08,11066.01,11090.67,0
2006-07-10,11091.71,11174.47,10701.34,10739.35,0
2006-07-17,10739.35,11038.48,10683.32,10868.38,0
2006-07-24,10868.70,11243.31,10868.62,11219.70,0
2006-07-31,11218.90,11344.17,11083.86,11240.35,0
2006-08-07,11239.47,11276.29,11042.64,11088.03,0
2006-08-14,11089.07,11381.47,11079.78,11381.47,0
2006-08-21,11380.67,11383.71,11260.28,11284.05,0
2006-08-28,11285.33,11476.48,11273.49,11464.15,0
2006-09-05,11461.83,11488.17,11323.84,11392.11,0
2006-09-11,11389.87,11613.51,11342.17,11560.77,0
2006-09-18,11559.97,11630.56,11474.56,11508.10,0
2006-09-25,11509.30,11741.99,11486.00,11679.07,0
2006-10-02,11678.99,11870.06,11653.06,11850.21,0
2006-10-09,11849.56,11960.51,11794.17,11960.51,0
2006-10-16,11961.31,12049.51,11887.19,12002.37,0
2006-10-23,12001.33,12167.02,11971.79,12090.26,0
2006-10-30,12089.14,12123.96,11965.31,11986.04,0
2006-11-06,11985.16,12196.32,11984.76,12108.43,0
2006-11-13,12097.70,12342.56,12084.81,12342.56,0
2006-11-20,12340.71,12361.00,12258.86,12280.17,0
2006-11-27,12279.13,12279.53,12072.60,12194.13,0
2006-12-04,12195.57,12360.76,12195.57,12307.49,0
2006-12-11,12306.21,12486.30,12252.05,12445.52,0
2006-12-18,12446.24,12498.47,12341.70,12343.22,0
2006-12-26,12341.94,12529.88,12337.05,12463.15,0
2007-01-03,12459.54,12580.35,12365.41,12398.01,0
2007-01-08,12392.01,12561.04,12337.37,12556.08,0
2007-01-16,12555.84,12614.00,12523.55,12565.53,0
2007-01-22,12566.33,12623.45,12431.34,12487.02,0
2007-01-29,12487.10,12683.93,12459.46,12653.49,0
2007-02-05,12653.41,12700.28,12545.10,12580.83,0
2007-02-12,12580.11,12779.03,12536.21,12767.57,0
2007-02-20,12766.85,12795.93,12628.02,12647.48,0
2007-02-26,12647.88,12697.23,12059.54,12114.10,0
2007-03-05,12111.61,12330.88,12039.11,12276.32,0
2007-03-12,12275.68,12349.95,11939.61,12110.41,0
2007-03-19,12110.41,12511.05,12110.41,12481.01,0
2007-03-26,12480.37,12486.78,12242.60,12354.35,0
2007-04-02,12354.52,12572.47,12324.28,12560.20,0
2007-04-09,12562.64,12615.38,12428.22,12612.13,0
2007-04-16,12611.64,12966.29,12611.31,12961.98,0
2007-04-23,12961.49,13148.00,12901.68,13120.94,0
2007-04-30,13120.21,13284.53,13041.30,13264.62,0
2007-05-07,13264.13,13369.29,13210.90,13326.22,0
2007-05-14,13325.81,13558.48,13297.04,13556.53,0
2007-05-21,13556.53,13624.55,13423.90,13507.28,0
2007-05-29,13507.28,13692.00,13456.73,13668.11,0
2007-06-04,13667.21,13690.38,13251.53,13424.39,0
2007-06-11,13423.74,13688.66,13287.62,13639.48,0
2007-06-18,13639.00,13674.36,13359.69,13360.26,0
2007-06-25,13360.09,13524.54,13259.86,13408.62,0
2007-07-02,13409.60,13633.63,13409.52,13611.68,0
2007-07-09,13612.66,13932.29,13474.79,13907.25,0
2007-07-16,13907.09,14021.95,13797.67,13851.08,0
2007-07-23,13851.73,13973.99,13265.47,13265.47,0
2007-07-30,13266.21,13503.33,13132.65,13181.91,0
2007-08-06,13183.13,13695.82,13057.86,13239.54,0
2007-08-13,13238.24,13338.15,12517.94,13079.08,0
2007-08-20,13078.51,13381.47,12982.75,13378.87,0
2007-08-27,13377.16,13428.95,13034.78,13357.74,0
2007-09-04,13358.39,13494.06,13082.17,13113.38,0
2007-09-10,13116.39,13469.27,13021.93,13442.52,0
2007-09-17,13441.95,13877.17,13362.37,13820.19,0
2007-09-24,13821.57,13924.81,13696.31,13895.63,0
2007-10-01,13895.71,14124.54,13893.51,14066.01,0
2007-10-08,14065.36,14198.10,13950.25,14093.08,0
2007-10-15,14092.43,14118.52,13511.94,13522.02,0
2007-10-22,13521.62,13811.25,13407.49,13806.70,0
2007-10-29,13807.35,13962.53,13446.02,13595.10,0
2007-11-05,13592.58,13669.72,13017.30,13042.74,0
2007-11-12,13039.16,13367.17,12975.11,13176.79,0
2007-11-19,13176.30,13176.30,12786.03,12980.88,0
2007-11-26,12979.99,13466.99,12724.09,13371.72,0
2007-12-03,13368.22,13668.10,13237.59,13625.58,0
2007-12-10,13623.55,13780.11,13321.64,13339.85,0
2007-12-17,13339.20,13473.98,13092.00,13450.65,0
2007-12-24,13450.73,13563.48,13298.15,13365.87,0
2007-12-31,13364.16,13364.73,12789.04,12800.18,0
2008-01-07,12801.15,12931.29,12501.76,12606.30,0
2008-01-14,12613.78,12794.57,12022.48,12099.30,0
2008-01-22,12092.72,12486.89,11634.82,12207.17,0
2008-01-28,12205.71,12767.74,12112.14,12743.19,0
2008-02-04,12743.11,12749.78,12103.37,12182.13,0
2008-02-11,12181.89,12573.13,12069.47,12348.21,0
2008-02-19,12349.59,12505.25,12155.26,12381.02,0
2008-02-25,12380.77,12756.56,12223.57,12266.39,0
2008-03-03,12264.36,12349.67,11819.69,11893.69,0
2008-03-10,11893.04,12303.35,11731.60,11951.09,0
2008-03-17,11946.45,12461.53,11756.60,12361.32,0
2008-03-24,12361.97,12622.07,12196.87,12216.40,0
2008-03-31,12215.92,12696.29,12176.11,12609.42,0
2008-04-07,12612.59,12733.66,12302.06,12325.42,0
2008-04-14,12324.77,12893.98,12269.81,12849.36,0
2008-04-21,12850.91,12942.26,12656.56,12891.86,0
2008-04-28,12890.72,13132.46,12793.10,13058.20,0
2008-05-05,13056.57,13058.45,12715.02,12745.88,0
2008-05-12,12745.55,13001.94,12740.50,12986.80,0
2008-05-19,12985.41,13136.69,12460.09,12479.63,0
2008-05-27,12479.63,12726.66,12442.59,12638.32,0
2008-06-02,12637.67,12638.08,12192.06,12209.81,0
2008-06-09,12210.13,12369.23,12076.93,12307.35,0
2008-06-16,12306.86,12322.82,11818.83,11842.69,0
2008-06-23,11843.83,11924.19,11297.99,11346.51,0
2008-06-30,11345.70,11437.30,11157.21,11288.54,0
2008-07-07,11289.19,11418.24,10977.68,11100.54,0
2008-07-14,11103.64,11510.82,10827.71,11496.57,0
2008-07-21,11495.02,11698.17,11325.10,11370.69,0
2008-07-28,11369.47,11586.62,11125.13,11326.32,0
2008-08-04,11326.32,11759.96,11221.53,11734.32,0
2008-08-11,11729.67,11867.11,11450.89,11659.90,0
2008-08-18,11659.65,11690.43,11290.58,11628.06,0
2008-08-25,11626.19,11715.18,11340.41,11543.55,0
2008-09-02,11545.63,11790.17,11037.85,11220.96,0
2008-09-08,11224.87,11577.50,11098.67,11421.99,0
2008-09-15,11416.37,11483.05,10459.44,11388.44,0
2008-09-22,11394.42,11394.58,10753.57,11143.13,0
2008-09-29,11139.62,11139.94,10310.25,10325.38,0
2008-10-06,10322.52,10322.76,7882.51,8451.19,0
2008-10-13,8462.42,9794.37,8197.67,8852.22,0
2008-10-20,8852.30,9284.55,8187.48,8378.95,0
2008-10-27,8375.92,9454.36,8143.59,9325.01,0
2008-11-03,9326.04,9653.95,8637.17,8943.81,0
2008-11-10,8946.60,9159.58,7965.42,8497.31,0
2008-11-17,8494.84,8571.30,7449.38,8046.42,0
2008-11-24,8048.09,8831.35,8048.09,8829.04,0
2008-12-01,8826.89,8827.05,8118.50,8635.42,0
2008-12-08,8637.65,9026.41,8347.81,8629.68,0
2008-12-15,8628.81,8961.26,8469.03,8579.11,0
2008-12-22,8573.37,8604.12,8372.02,8515.55,0
2008-12-29,8515.87,9065.28,8364.06,9034.69,0
2009-01-05,9027.13,9088.06,8576.96,8599.18,0
2009-01-12,8599.26,8602.60,7995.13,8281.22,0
2009-01-20,8279.63,8291.98,7909.03,8077.56,0
2009-01-26,8078.04,8405.87,7961.92,8000.86,0
2009-02-02,8000.62,8312.37,7845.31,8280.59,0
2009-02-09,8281.38,8315.07,7693.98,7850.41,0
2009-02-17,7845.63,7845.63,7249.47,7365.67,0
2009-02-23,7365.99,7441.02,7033.62,7062.93,0
2009-03-02,7056.48,7058.95,6469.95,6626.94,0
2009-03-09,6625.74,7242.62,6516.86,7223.98,0
2009-03-16,7225.33,7571.64,7172.05,7278.38,0
2009-03-23,7279.25,7931.33,7278.78,7776.18,0
2009-03-30,7773.31,8075.73,7437.59,8017.59,0
2009-04-06,8016.16,8087.28,7750.85,8083.38,0
2009-04-13,8082.02,8190.66,7870.48,8131.33,0
2009-04-20,8128.94,8128.94,7791.95,8076.29,0
2009-04-27,8073.82,8307.51,7938.98,8212.41,0
2009-05-04,8213.60,8587.55,8213.60,8574.65,0
2009-05-11,8569.23,8569.23,8230.17,8268.64,0
2009-05-18,8270.15,8591.93,8221.01,8277.32,0
2009-05-26,8275.33,8522.95,8226.90,8500.33,0
2009-06-01,8501.53,8839.40,8501.29,8763.13,0
2009-06-08,8759.35,8877.93,8633.07,8799.26,0
2009-06-15,8798.50,8798.50,8461.29,8539.73,0
2009-06-22,8538.52,8538.83,8259.43,8438.39,0
2009-06-29,8440.13,8580.47,8280.74,8280.74,0
2009-07-06,8279.30,8327.97,8087.19,8146.52,0
2009-07-13,8146.82,8754.29,8130.42,8743.94,0
2009-07-20,8746.05,9100.88,8745.90,9093.24,0
2009-07-27,9093.09,9246.43,9007.47,9171.61,0
2009-08-03,9173.65,9437.71,9173.65,9370.07,0
2009-08-10,9368.41,9424.11,9216.88,9321.40,0
2009-08-17,9313.85,9519.11,9116.52,9505.96,0
2009-08-24,9506.18,9630.20,9459.40,9544.20,0
2009-08-31,9542.91,9557.95,9252.93,9441.27,0
2009-09-08,9440.13,9649.85,9439.98,9605.41,0
2009-09-14,9598.08,9854.58,9535.96,9820.20,0
2009-09-21,9818.61,9917.99,9641.01,9665.19,0
2009-09-28,9663.23,9834.48,9430.08,9487.67,0
2009-10-05,9488.73,9865.01,9481.09,9864.94,0
2009-10-12,9865.24,10062.94,9815.06,9995.91,0
2009-10-19,9996.67,10119.47,9916.78,9972.18,0
2009-10-26,9972.33,10072.32,9684.54,9712.73,0
2009-11-02,9712.13,10044.50,9678.95,10023.42,0
2009-11-09,10020.62,10341.97,10020.62,10270.47,0
2009-11-16,10267.53,10438.17,10256.11,10318.16,0
2009-11-23,10320.13,10495.61,10231.25,10309.92,0
2009-11-30,10309.77,10516.70,10263.29,10388.90,0
2009-12-07,10386.86,10484.05,10235.63,10471.50,0
2009-12-14,10471.28,10514.66,10263.90,10328.89,0
2009-12-21,10330.10,10522.06,10329.80,10520.10,0
2009-12-28,10517.91,10580.33,10423.13,10428.05,0
2010-01-04,10430.69,10619.40,10430.69,10618.19,0
2010-01-11,10620.31,10723.77,10561.06,10609.65,0
2010-01-19,10608.37,10729.89,10157.64,10172.98,0
2010-01-25,10175.10,10285.13,10043.75,10067.33,0
2010-02-01,10068.99,10314.84,9835.09,10012.23,0
2010-02-08,10005.43,10161.57,9904.09,10099.14,0
2010-02-16,10100.81,10438.55,10100.81,10402.35,0
2010-02-22,10402.43,10433.64,10185.83,10325.26,0
2010-03-01,10326.10,10571.94,10326.10,10566.20,0
2010-03-08,10563.78,10644.95,10507.17,10624.69,0
2010-03-15,10623.41,10819.90,10570.51,10741.98,0
2010-03-22,10741.00,10955.48,10695.13,10850.36,0
2010-03-29,10849.23,10956.39,10832.83,10927.07,0
2010-04-05,10927.45,11000.98,10844.09,10997.35,0
2010-04-12,10996.75,11154.55,10947.77,11018.66,0
2010-04-19,11018.36,11205.64,10977.85,11204.28,0
2010-04-26,11205.11,11258.01,10965.38,11008.61,0
2010-05-03,11009.60,11177.67,9869.62,10380.43,0
2010-05-10,10386.18,10920.27,10386.03,10620.16,0
2010-05-17,10616.98,10718.86,9918.82,10193.39,0
2010-05-24,10193.46,10264.20,9774.48,10136.63,0
2010-06-01,10133.94,10315.21,9889.88,9931.97,0
2010-06-07,9931.75,10215.98,9757.55,10211.07,0
2010-06-14,10211.83,10483.44,10186.21,10450.64,0
2010-06-21,10452.46,10594.16,10081.08,10143.81,0
2010-06-28,10143.05,10201.93,9614.32,9686.48,0
2010-07-06,9689.21,10201.77,9659.01,10198.03,0
2010-07-12,10199.24,10407.82,10079.58,10097.90,0
2010-07-19,10098.12,10441.95,10007.76,10424.62,0
2010-07-26,10424.17,10584.99,10347.50,10465.94,0
2010-08-02,10468.82,10702.99,10468.59,10653.56,0
2010-08-09,10654.62,10719.94,10268.71,10303.15,0
2010-08-16,10303.07,10480.44,10147.24,10213.62,0
2010-08-23,10215.51,10304.70,9936.62,10150.65,0
2010-08-30,10145.58,10451.15,9941.84,10447.93,0
2010-09-07,10446.80,10476.62,10332.40,10462.77,0
2010-09-13,10458.60,10650.16,10458.60,10607.85,0
2010-09-20,10608.08,10865.78,10608.08,10860.26,0
2010-09-27,10860.03,10948.88,10728.64,10829.68,0
2010-10-04,10828.85,11032.17,10711.12,11006.48,0
2010-10-11,11006.93,11155.23,10913.84,11062.78,0
2010-10-18,11062.63,11213.54,10917.62,11132.56,0
2010-10-25,11133.40,11247.60,11020.82,11118.49,0
2010-11-01,11120.30,11451.53,11062.33,11444.08,0
2010-11-08,11439.54,11439.61,11143.84,11192.58,0
2010-11-15,11194.02,11280.90,10978.93,11203.55,0
2010-11-22,11201.66,11206.05,10992.17,11092.00,0
2010-11-29,11083.75,11388.87,10929.28,11382.09,0
2010-12-06,11381.33,11450.89,11327.49,11410.32,0
2010-12-13,11406.16,11519.04,11405.33,11491.91,0
2010-12-20,11491.30,11580.84,11442.68,11573.49,0
2010-12-27,11572.81,11625.00,11518.44,11577.51,0
2011-01-03,11577.43,11742.68,11577.35,11674.76,0
2011-01-10,11672.34,11794.15,11573.87,11787.38,0
2011-01-18,11783.82,11905.48,11744.77,11871.84,0
2011-01-24,11873.43,12020.52,11803.04,11823.70,0
2011-01-31,11824.39,12092.42,11817.88,12092.15,0
2011-02-07,12092.38,12285.94,12092.30,12273.26,0
2011-02-14,12266.83,12391.29,12193.27,12391.25,0
2011-02-22,12389.74,12389.82,11983.17,12130.45,0
2011-02-28,12130.45,12283.10,12018.63,12169.88,0
2011-03-07,12171.09,12257.82,11936.32,12044.40,0
2011-03-14,12042.13,12042.13,11555.48,11858.52,0
2011-03-21,11860.11,12259.79,11860.11,12220.59,0
2011-03-28,12221.19,12419.71,12173.51,12376.72,0
2011-04-04,12374.60,12450.93,12320.72,12380.05,0
2011-04-11,12380.43,12444.00,12163.86,12341.83,0
2011-04-18,12339.71,12506.06,12093.89,12505.99,0
2011-04-25,12505.99,12832.83,12446.05,12810.54,0
2011-05-02,12810.16,12876.00,12521.28,12638.74,0
2011-05-09,12637.83,12781.06,12537.17,12595.75,0
2011-05-16,12594.77,12642.90,12378.84,12512.04,0
2011-05-23,12511.36,12511.36,12309.52,12441.58,0
2011-05-31,12443.40,12574.29,12104.03,12151.26,0
2011-06-06,12151.19,12183.12,11937.42,11951.91,0
2011-06-13,11945.33,12120.80,11862.53,12004.36,0
2011-06-20,12004.28,12217.33,11874.94,11934.58,0
2011-06-27,11934.66,12596.13,11934.05,12582.77,0
2011-07-05,12583.00,12753.89,12539.21,12657.20,0
2011-07-11,12655.62,12655.84,12406.09,12479.73,0
2011-07-18,12475.11,12751.43,12296.23,12681.16,0
2011-07-25,12679.72,12679.95,12083.45,12143.24,0
2011-08-01,12144.22,12282.42,11139.00,11444.61,0
2011-08-08,11433.93,11434.09,10604.07,11269.02,0
2011-08-15,11269.85,11529.67,10801.41,10817.65,0
2011-08-22,10820.37,11406.39,10820.37,11284.54,0
2011-08-29,11286.65,11716.84,11211.35,11240.26,0
2011-09-06,11237.31,11477.30,10932.53,10992.13,0
2011-09-12,10990.01,11532.47,10824.76,11509.09,0
2011-09-19,11506.67,11550.22,10597.14,10771.48,0
2011-09-26,10771.78,11369.30,10771.78,10913.38,0
2011-10-03,10912.10,11232.05,10404.49,11103.12,0
2011-10-10,11104.56,11646.83,11104.56,11644.49,0
2011-10-17,11643.35,11812.46,11296.12,11808.79,0
2011-10-24,11807.96,12284.31,11682.52,12231.11,0
2011-10-31,12229.22,12229.29,11630.03,11983.24,0
2011-11-07,11983.02,12187.51,11736.93,12153.68,0
2011-11-14,12153.00,12170.56,11676.35,11796.16,0
2011-11-21,11795.55,11795.70,11231.56,11231.78,0
2011-11-28,11232.47,12146.68,11232.16,12019.42,0
2011-12-05,12021.54,12257.67,11966.22,12184.26,0
2011-12-12,12181.08,12181.38,11786.47,11866.39,0
2011-12-19,11866.54,12297.44,11735.19,12294.00,0
2011-12-27,12293.47,12328.47,12140.17,12217.56,0
2012-01-03,12221.19,12479.65,12221.19,12359.92,0
2012-01-09,12359.31,12514.69,12311.79,12422.06,0
2012-01-17,12423.12,12720.48,12423.12,12720.48,0
2012-01-23,12720.25,12841.95,12580.12,12660.46,0
2012-01-30,12659.17,12869.95,12529.41,12862.23,0
2012-02-06,12860.72,12924.71,12743.56,12801.23,0
2012-02-13,12799.11,12967.92,12753.62,12949.87,0
2012-02-21,12949.34,13013.82,12882.67,12982.95,0
2012-02-27,12981.13,13055.75,12882.59,12977.57,0
2012-03-05,12977.34,12977.34,12734.86,12922.02,0
2012-03-12,12920.58,13289.08,12919.98,13232.62,0
2012-03-19,13231.94,13269.71,13002.77,13080.73,0
2012-03-26,13082.62,13264.98,13032.67,13212.04,0
2012-04-02,13211.36,13297.11,13012.46,13060.14,0
2012-04-09,13057.57,13057.72,12710.56,12849.59,0
2012-04-16,12850.88,13131.36,12850.80,13029.26,0
2012-04-23,13028.20,13266.68,12845.58,13228.31,0
2012-04-30,13228.31,13338.66,13022.34,13038.27,0
2012-05-07,13035.85,13049.09,12748.48,12820.60,0
2012-05-14,12818.49,12818.86,12336.76,12369.38,0
2012-05-21,12369.15,12575.96,12311.56,12454.83,0
2012-05-29,12454.83,12611.61,12107.48,12118.57,0
2012-06-04,12119.85,12555.26,12035.09,12554.20,0
2012-06-11,12553.81,12774.70,12398.48,12767.17,0
2012-06-18,12767.02,12898.94,12561.46,12640.78,0
2012-06-25,12639.80,12880.39,12450.17,12880.09,0
2012-07-02,12879.71,12961.30,12702.99,12772.47,0
2012-07-09,12772.02,12830.29,12492.25,12777.09,0
2012-07-16,12776.33,12977.57,12645.10,12822.57,0
2012-07-23,12820.45,13117.74,12521.84,13075.66,0
2012-07-30,13075.35,13133.18,12778.90,13096.17,0
2012-08-06,13099.88,13215.97,13094.96,13207.95,0
2012-08-13,13204.93,13281.32,13112.94,13275.20,0
2012-08-20,13274.58,13330.76,13027.20,13157.97,0
2012-08-27,13157.74,13176.17,12978.91,13090.84,0
2012-09-04,13092.15,13320.27,12977.09,13306.64,0
2012-09-10,13308.56,13653.24,13251.39,13593.37,0
2012-09-17,13588.57,13647.10,13503.00,13579.47,0
2012-09-24,13577.85,13620.21,13367.27,13437.13,0
2012-10-01,13437.66,13661.87,13424.92,13610.15,0
2012-10-08,13610.38,13610.38,13296.43,13328.85,0
2012-10-15,13329.54,13588.73,13312.22,13343.51,0
2012-10-22,13344.28,13368.55,13039.86,13107.21,0
2012-10-29,13107.44,13289.45,13052.07,13093.16,0
2012-11-05,13092.28,13290.75,12743.39,12815.39,0
2012-11-12,12815.93,12898.25,12471.49,12588.31,0
2012-11-19,12590.23,13011.45,12590.23,13009.68,0
2012-11-26,13008.30,13062.56,12765.32,13025.58,0
2012-12-03,13027.73,13157.28,12923.44,13155.13,0
2012-12-10,13154.89,13329.44,13118.46,13135.01,0
2012-12-17,13135.17,13365.86,13122.53,13190.84,0
2012-12-24,13190.15,13190.38,12926.86,12938.11,0
2012-12-31,12938.19,13447.11,12883.89,13435.21,0
2013-01-07,13436.13,13496.68,13293.13,13488.43,0
2013-01-14,13488.43,13649.93,13445.80,13649.70,0
2013-01-22,13649.70,13895.98,13622.96,13895.98,0
2013-01-28,13895.98,14019.78,13860.58,14009.79,0
2013-02-04,14009.79,14022.62,13852.20,13992.97,0
2013-02-11,13992.97,14038.97,13906.73,13981.76,0
2013-02-19,13981.76,14058.27,13834.40,14000.57,0
2013-02-25,14000.57,14149.15,13784.01,14089.66,0
2013-03-04,14089.66,14413.17,14030.37,14397.07,0
2013-03-11,14397.07,14539.29,14373.32,14514.11,0
2013-03-18,14514.11,14546.82,14382.09,14512.03,0
2013-03-25,14512.03,14585.10,14395.00,14578.54,0
2013-04-01,14578.54,14684.49,14434.43,14565.25,0
2013-04-08,14565.25,14887.51,14497.80,14865.06,0
2013-04-15,14865.06,14865.06,14444.03,14547.51,0
2013-04-22,14547.51,14768.05,14457.60,14712.55,0
2013-04-29,14712.55,15009.59,14687.05,14973.96,0
2013-05-06,14973.96,15144.83,14941.09,15118.49,0
2013-05-13,15113.42,15357.40,15053.46,15354.40,0
2013-05-20,15348.33,15542.40,15180.23,15303.10,0
2013-05-28,15307.33,15521.49,15115.57,15115.57,0
2013-06-03,15123.55,15304.98,14844.22,15248.12,0
2013-06-10,15247.81,15300.64,14953.45,15070.18,0
2013-06-17,15078.71,15340.09,14688.43,14799.40,0
2013-06-24,14795.79,15075.01,14551.27,14909.60,0
2013-07-01,14911.60,15137.51,14858.93,15135.84,0
2013-07-08,15137.22,15498.39,15137.22,15464.30,0
2013-07-15,15459.69,15589.40,15415.71,15543.74,0
2013-07-22,15543.97,15604.22,15405.16,15558.83,0
2013-07-29,15557.14,15658.43,15479.13,15658.36,0
2013-08-05,15651.98,15655.21,15346.65,15425.51,0
2013-08-12,15415.22,15504.14,15054.38,15081.47,0
2013-08-19,15076.79,15106.39,14880.84,15010.51,0
2013-08-26,15014.58,15049.98,14760.41,14810.31,0
2013-09-03,14801.55,15009.84,14777.48,14922.50,0
2013-09-09,14927.19,15380.97,14927.19,15376.06,0
2013-09-16,15381.36,15709.58,15381.36,15451.09,0
2013-09-23,15452.31,15466.95,15211.81,15258.24,0
2013-09-30,15249.82,15249.82,14947.03,15072.58,0
2013-10-07,15069.30,15237.30,14719.43,15237.11,0
2013-10-14,15231.33,15412.97,15136.38,15399.65,0
2013-10-21,15401.32,15570.60,15362.66,15570.28,0
2013-10-28,15569.19,15721.00,15533.48,15615.55,0
2013-11-04,15621.20,15797.68,15522.18,15761.78,0
2013-11-11,15759.28,15962.98,15672.00,15961.70,0
2013-11-18,15962.72,16068.78,15865.37,16064.77,0
2013-11-25,16072.09,16174.51,16055.46,16086.41,0
2013-12-02,16087.12,16098.00,15791.29,16020.20,0
2013-12-09,16019.49,16058.40,15703.79,15755.36,0
2013-12-16,15759.60,16287.84,15759.60,16221.14,0
2013-12-23,16225.25,16529.01,16225.25,16478.41,0
2013-12-30,16484.51,16588.25,16416.49,16469.99,0
2014-01-06,16474.04,16562.32,16378.61,16437.05,0
2014-01-13,16434.03,16505.28,16240.60,16458.56,0
2014-01-21,16459.27,16520.60,15879.11,15879.11,0
2014-01-27,15879.05,15945.89,15617.55,15698.85,0
2014-02-03,15697.69,15798.51,15340.69,15794.08,0
2014-02-10,15793.63,16175.55,15733.69,16154.39,0
2014-02-18,16153.97,16225.72,16006.59,16103.30,0
2014-02-24,16102.27,16398.95,16102.27,16321.71,0
2014-03-03,16321.71,16505.70,16071.25,16452.72,0
2014-03-10,16453.10,16460.33,16046.99,16065.67,0
2014-03-17,16066.37,16456.45,16066.37,16302.77,0
2014-03-24,16303.28,16466.04,16191.79,16323.06,0
2014-03-31,16324.22,16631.63,16324.22,16412.71,0
2014-04-07,16414.15,16456.12,16015.32,16026.75,0
2014-04-14,16028.29,16460.49,16028.29,16408.54,0
2014-04-21,16408.92,16565.71,16333.78,16361.46,0
2014-04-28,16363.20,16620.06,16312.66,16512.89,0
2014-05-05,16509.75,16622.95,16357.35,16583.34,0
2014-05-12,16584.82,16735.51,16397.46,16491.31,0
2014-05-19,16490.35,16613.07,16341.30,16606.27,0
2014-05-27,16607.42,16721.22,16607.42,16717.17,0
2014-06-02,16716.85,16924.28,16673.65,16924.28,0
2014-06-09,16926.08,16970.17,16703.73,16775.74,0
2014-06-16,16765.56,16978.02,16722.86,16947.08,0
2014-06-23,16946.50,16969.70,16746.09,16851.84,0
2014-06-30,16852.49,17074.65,16801.94,17068.26,0
2014-07-07,17063.83,17063.83,16805.38,16943.81,0
2014-07-14,16950.93,17151.56,16950.93,17100.18,0
2014-07-21,17095.11,17133.43,16915.65,16960.57,0
2014-07-28,16956.91,17056.46,16437.07,16493.37,0
2014-08-04,16493.72,16596.22,16333.78,16553.93,0
2014-08-11,16557.27,16775.27,16518.06,16662.91,0
2014-08-18,16664.45,17074.59,16664.45,17001.22,0
2014-08-25,17011.81,17153.80,17011.81,17098.45,0
2014-09-02,17097.42,17161.55,17009.07,17137.36,0
2014-09-08,17131.71,17137.88,16937.67,16987.51,0
2014-09-15,16988.76,17350.64,16951.38,17280.38,0
2014-09-22,17271.71,17277.88,16945.80,17113.15,0
2014-09-29,17107.69,17145.10,16674.04,17009.69,0
2014-10-06,17010.34,17099.39,16543.91,16544.10,0
2014-10-13,16535.43,16602.41,15855.12,16380.41,0
2014-10-20,16373.15,16811.71,16260.54,16805.41,0
2014-10-27,16796.10,17395.54,16729.83,17390.52,0
2014-11-03,17390.90,17575.33,17278.36,17573.93,0
2014-11-10,17568.98,17705.48,17536.17,17634.74,0
2014-11-17,17631.85,17894.83,17603.89,17810.06,0
2014-11-24,17812.63,17893.42,17790.89,17828.24,0
2014-12-01,17827.27,17991.19,17726.55,17958.79,0
2014-12-08,17954.94,17960.56,17280.83,17280.83,0
2014-12-15,17285.74,17874.03,17067.59,17804.80,0
2014-12-22,17812.25,18103.45,17812.25,18053.71,0
2014-12-29,18046.58,18073.04,17731.30,17832.99,0
2015-01-05,17821.30,17916.04,17262.37,17737.37,0
2015-01-12,17742.05,17923.01,17243.55,17511.57,0
2015-01-20,17516.96,17840.89,17346.73,17672.60,0
2015-01-26,17668.11,17696.36,17136.30,17164.95,0
2015-02-02,17169.99,17951.09,17037.76,17824.29,0
2015-02-09,17821.49,18037.41,17685.32,18019.35,0
2015-02-17,18019.80,18144.29,17878.37,18140.44,0
2015-02-23,18140.76,18244.38,18054.84,18132.70,0
2015-03-02,18134.05,18288.63,17825.15,17856.78,0
2015-03-09,17856.56,18031.04,17620.49,17749.31,0
2015-03-16,17751.24,18197.29,17697.52,18127.65,0
2015-03-23,18136.73,18205.93,17579.27,17712.66,0
2015-03-30,17727.48,18008.64,17585.01,17763.24,0
2015-04-06,17755.50,18066.76,17646.80,18057.65,0
2015-04-13,18052.32,18169.26,17748.53,17826.30,0
2015-04-20,17841.18,18133.03,17841.18,18080.14,0
2015-04-27,18097.89,18175.56,17774.89,18024.06,0
2015-05-04,18026.02,18205.23,17733.12,18191.11,0
2015-05-11,18187.78,18272.72,17924.80,18272.56,0
2015-05-18,18267.25,18351.36,18217.14,18232.02,0
2015-05-26,18229.75,18229.75,17967.74,18010.68,0
2015-06-01,18017.82,18168.09,17822.90,17849.46,0
2015-06-08,17849.46,18109.77,17714.97,17898.84,0
2015-06-15,17890.76,18174.73,17698.42,18015.95,0
2015-06-22,18027.63,18188.81,17890.36,17946.68,0
2015-06-29,17936.74,17936.74,17576.50,17730.11,0
2015-07-06,17728.08,17797.49,17465.68,17760.41,0
2015-07-13,17787.27,18131.61,17787.27,18086.45,0
2015-07-20,18085.91,18137.12,17553.73,17568.53,0
2015-07-27,17561.78,17783.59,17399.17,17689.86,0
2015-08-03,17696.74,17704.76,17279.08,17373.38,0
2015-08-10,17375.18,17629.13,17125.81,17477.40,0
2015-08-17,17472.66,17568.40,16459.55,16459.75,0
2015-08-24,16459.75,16669.97,15370.33,16643.01,0
2015-08-31,16632.02,16632.02,15979.95,16102.38,0
2015-09-08,16109.93,16664.65,16109.93,16433.09,0
2015-09-14,16450.86,16933.43,16330.87,16384.58,0
2015-09-21,16406.10,16578.60,16016.36,16314.67,0
2015-09-28,16313.26,16472.77,15942.37,16472.37,0
2015-10-05,16502.10,17110.88,16502.10,17084.49,0
2015-10-12,17082.29,17220.02,16887.67,17215.97,0
2015-10-19,17209.43,17679.37,17129.19,17646.70,0
2015-10-26,17649.57,17799.96,17540.57,17663.54,0
2015-11-02,17672.62,17977.85,17655.02,17910.33,0
2015-11-09,17900.78,17900.78,17238.89,17245.24,0
2015-11-16,17229.94,17914.34,17210.43,17823.81,0
2015-11-23,17823.61,17868.18,17683.51,17798.49,0
2015-11-30,17802.84,17901.58,17425.56,17847.63,0
2015-12-07,17845.49,17845.49,17230.50,17265.21,0
2015-12-14,17277.11,17796.76,17124.31,17128.55,0
2015-12-21,17154.94,17607.92,17116.73,17552.17,0
2015-12-28,17535.66,17750.02,17421.16,17425.03,0
2016-01-04,17405.48,17405.48,16314.57,16346.45,0
2016-01-11,16358.71,16593.51,15842.11,15988.08,0
2016-01-19,16009.45,16171.96,15450.56,16093.51,0
2016-01-25,16086.46,16466.30,15863.72,16466.30,0
2016-02-01,16453.63,16510.98,15960.45,16204.97,0
2016-02-08,16147.51,16201.89,15503.01,15973.84,0
2016-02-16,16012.39,16511.84,16012.39,16391.99,0
2016-02-22,16417.13,16795.98,16165.86,16639.97,0
2016-02-29,16634.15,17062.38,16510.40,17006.77,0
2016-03-07,16991.29,17220.09,16821.86,17213.31,0
2016-03-14,17207.49,17620.58,17120.35,17602.30,0
2016-03-21,17589.70,17648.94,17399.01,17515.73,0
2016-03-28,17526.08,17811.48,17434.27,17792.75,0
2016-04-04,17799.39,17806.38,17484.23,17576.96,0
2016-04-11,17586.48,17962.14,17553.57,17897.46,0
2016-04-18,17890.20,18167.63,17848.22,18003.75,0
2016-04-25,17990.94,18084.66,17651.98,17773.64,0
2016-05-02,17783.78,17912.35,17580.38,17740.63,0
2016-05-09,17743.85,17934.61,17512.48,17535.32,0
2016-05-16,17531.76,17755.80,17331.07,17500.94,0
2016-05-23,17507.04,17891.71,17480.05,17873.22,0
2016-05-31,17891.50,17899.24,17664.79,17807.06,0
2016-06-06,17825.69,18016.00,17812.34,17865.34,0
2016-06-13,17830.50,17893.28,17471.29,17675.16,0
2016-06-20,17736.87,18011.07,17356.34,17400.75,0
2016-06-27,17355.21,18002.38,17063.08,17949.37,0
2016-07-05,17904.45,18166.77,17713.45,18146.74,0
2016-07-11,18161.53,18557.43,18161.53,18516.55,0
2016-07-18,18521.55,18622.01,18469.67,18570.85,0
2016-07-25,18554.49,18555.69,18368.82,18432.24,0
2016-08-01,18434.50,18543.53,18247.79,18543.53,0
2016-08-08,18540.65,18638.34,18468.78,18576.47,0
2016-08-15,18588.59,18668.44,18468.68,18552.57,0
2016-08-22,18535.86,18631.60,18335.34,18395.40,0
2016-08-29,18421.29,18544.76,18295.48,18491.96,0
2016-09-06,18493.40,18551.54,18085.45,18085.45,0
2016-09-12,18028.95,18358.69,17992.21,18123.80,0
2016-09-19,18154.82,18449.88,18093.05,18261.45,0
2016-09-26,18217.76,18369.62,18052.16,18308.15,0
2016-10-03,18279.60,18319.73,18116.26,18240.49,0
2016-10-10,18282.95,18399.96,17959.95,18138.38,0
2016-10-17,18135.85,18252.20,18049.77,18145.71,0
2016-10-24,18197.14,18275.04,18062.30,18161.19,0
2016-10-31,18176.60,18193.68,17883.56,17888.28,0
2016-11-07,17994.64,18873.66,17994.64,18847.66,0
2016-11-14,18876.77,18934.05,18806.06,18867.93,0
2016-11-21,18898.68,19152.14,18883.10,19152.14,0
2016-11-28,19122.14,19225.29,19062.22,19170.42,0
2016-12-05,19244.35,19757.74,19184.74,19756.85,0
2016-12-12,19770.20,19966.43,19747.74,19843.41,0
2016-12-19,19836.66,19987.63,19832.95,19933.81,0
2016-12-27,19943.46,19981.11,19718.67,19762.60,0
2017-01-03,19872.86,19999.63,19775.93,19963.80,0
2017-01-09,19931.41,19973.42,19770.47,19885.73,0
2017-01-17,19848.82,19882.99,19677.94,19827.25,0
2017-01-23,19794.79,20125.58,19732.36,20093.78,0
2017-01-30,20028.62,20081.48,19784.77,20071.46,0
2017-02-06,20025.61,20298.21,20002.81,20269.37,0
2017-02-13,20338.54,20639.87,20322.95,20624.05,0
2017-02-21,20663.43,20840.70,20663.37,20821.76,0
2017-02-27,20808.71,21169.11,20774.76,21005.71,0
2017-03-06,20955.71,20986.43,20777.16,20902.98,0
2017-03-13,20899.28,21000.11,20786.31,20914.62,0
2017-03-20,20916.27,20970.04,20529.67,20596.72,0
2017-03-27,20488.35,20753.78,20412.80,20663.22,0
2017-04-03,20665.17,20887.50,20517.82,20656.10,0
2017-04-10,20668.22,20750.33,20453.25,20453.25,0
2017-04-17,20484.75,20644.41,20379.55,20547.76,0
2017-04-24,20723.59,21070.90,20723.59,20940.51,0
2017-05-01,20962.73,21006.94,20847.95,21006.94,0
2017-05-08,20991.26,21046.85,20798.90,20896.61,0
2017-05-15,20923.63,21033.53,20553.45,20804.84,0
2017-05-22,20867.77,21112.32,20860.16,21080.28,0
2017-05-30,21045.49,21225.04,20942.57,21206.29,0
2017-06-05,21195.03,21305.35,21113.31,21271.97,0
2017-06-12,21259.95,21391.97,21186.15,21384.28,0
2017-06-19,21444.75,21535.03,21333.89,21394.76,0
2017-06-26,21434.68,21506.21,21197.08,21349.63,0
2017-07-03,21392.30,21562.75,21305.38,21414.34,0
2017-07-10,21381.23,21681.53,21279.30,21637.74,0
2017-07-17,21633.97,21661.91,21471.14,21580.07,0
2017-07-24,21577.78,21841.18,21496.13,21830.31,0
2017-07-31,21863.39,22092.81,21861.71,22092.81,0
2017-08-07,22100.20,22179.11,21842.74,21858.32,0
2017-08-14,21945.64,22085.71,21641.63,21674.51,0
2017-08-21,21671.36,21912.83,21600.34,21813.67,0
2017-08-28,21832.50,22038.97,21673.58,21987.56,0
2017-09-05,21912.37,21921.09,21709.63,21797.79,0
2017-09-11,21927.79,22275.02,21927.79,22268.34,0
2017-09-18,22297.92,22419.51,22283.35,22349.59,0
2017-09-25,22320.47,22405.63,22219.11,22405.09,0
2017-10-02,22423.47,22777.04,22416.00,22773.67,0
2017-10-09,22779.73,22905.33,22739.38,22871.72,0
2017-10-16,22892.92,23328.84,22887.12,23328.63,0
2017-10-23,23348.95,23485.25,23251.11,23434.19,0
2017-10-30,23405.75,23557.06,23327.87,23539.19,0
2017-11-06,23533.96,23602.12,23310.02,23422.21,0
2017-11-13,23367.47,23492.19,23242.75,23358.24,0
2017-11-20,23370.71,23617.80,23360.58,23557.99,0
2017-11-27,23552.86,24327.82,23545.02,24231.59,0
2017-12-04,24424.11,24534.04,24101.24,24329.16,0
2017-12-11,24338.11,24688.62,24314.74,24651.74,0
2017-12-18,24739.56,24876.07,24697.11,24754.06,0
2017-12-26,24715.84,24871.66,24708.42,24719.22,0
2018-01-02,24809.35,25299.79,24741.70,25295.87,0
2018-01-08,25308.40,25810.43,25235.41,25803.19,0
2018-01-16,25987.62,26153.42,25702.99,26071.72,0
2018-01-22,26025.32,26616.71,25974.65,26616.71,0
2018-01-29,26584.28,26608.90,25490.66,25520.96,0
2018-02-05,25337.87,25520.53,23360.29,24190.90,0
2018-02-12,24337.76,25432.42,24290.48,25219.38,0
2018-02-20,25124.91,25313.91,24792.99,25309.99,0
2018-02-26,25403.35,25800.35,24217.76,24538.06,0
2018-03-05,24471.31,25336.33,24387.15,25335.74,0
2018-03-12,25372.44,25449.15,24668.83,24946.51,0
2018-03-19,24893.69,24977.65,23509.06,23533.20,0
2018-03-26,23825.74,24446.22,23708.73,24103.11,0
2018-04-02,24076.60,24622.26,23344.52,23932.76,0
2018-04-09,24037.52,24646.45,23954.83,24360.14,0
2018-04-16,24483.15,24858.97,24375.04,24462.94,0
2018-04-23,24488.07,24579.94,23823.08,24311.19,0
2018-04-30,24410.41,24498.23,23531.31,24262.51,0
2018-05-07,24317.66,24868.65,24198.34,24831.17,0
2018-05-14,24879.37,24994.19,24629.39,24715.09,0
2018-05-21,24883.06,25086.49,24605.90,24753.09,0
2018-05-29,24606.59,24714.48,24247.84,24635.21,0
2018-06-04,24727.55,25326.09,24710.82,25316.53,0
2018-06-11,25336.67,25402.83,24894.38,25090.48,0
2018-06-18,24944.28,25003.10,24406.63,24580.89,0
2018-06-25,24463.73,24569.02,23997.21,24271.41,0
2018-07-02,24161.53,24520.29,24077.56,24456.48,0
2018-07-09,24519.20,25043.21,24518.43,25019.41,0
2018-07-16,25025.58,25215.32,24979.64,25058.12,0
2018-07-23,25036.90,25587.24,24983.33,25451.06,0
2018-07-30,25439.32,25500.16,25120.07,25462.58,0
2018-08-06,25437.43,25692.72,25222.88,25313.14,0
2018-08-13,25327.19,25728.16,24965.77,25669.32,0
2018-08-20,25727.70,25888.82,25608.02,25790.35,0
2018-08-27,25882.71,26167.94,25879.77,25964.82,0
2018-09-04,25916.07,26073.68,25805.95,25916.54,0
2018-09-10,25991.91,26211.11,25754.32,26154.67,0
2018-09-17,26151.66,26769.16,26030.35,26743.50,0
2018-09-24,26705.25,26709.94,26349.34,26458.31,0
2018-10-01,26598.36,26951.81,26301.81,26447.05,0
2018-10-08,26399.45,26539.94,24899.77,25339.99,0
2018-10-15,25332.46,25817.68,25236.01,25444.34,0
2018-10-22,25492.14,25561.34,24445.19,24688.31,0
2018-10-29,24818.98,25578.98,24122.23,25270.83,0
2018-11-05,25261.47,26277.82,25261.47,25989.30,0
2018-11-12,25959.33,25966.71,24787.79,25413.22,0
2018-11-19,25392.61,25392.61,24268.74,24285.95,0
2018-11-26,24364.13,25549.71,24364.13,25538.46,0
2018-12-03,25779.57,25980.21,24242.22,24388.95,0
2018-12-10,24360.95,24828.29,23881.37,24100.51,0
2018-12-17,23986.83,24088.08,22396.34,22445.37,0
2018-12-24,22317.28,23381.88,21712.53,23062.40,0
2018-12-31,23153.94,23518.64,22638.41,23433.16,0
2019-01-07,23474.26,24014.78,23301.59,23995.95,0
2019-01-14,23880.53,24750.22,23765.24,24706.35,0
2019-01-22,24607.76,24860.15,24244.31,24737.20,0
2019-01-28,24596.98,25193.15,24323.94,25063.89,0
2019-02-04,25062.12,25439.04,24883.04,25106.33,0
2019-02-11,25142.81,25883.72,25009.10,25883.25,0
2019-02-19,25849.85,26052.90,25762.21,26031.81,0
2019-02-25,26126.15,26241.42,25877.24,26026.32,0
2019-03-04,26122.19,26155.98,25252.46,25450.24,0
2019-03-11,25208.00,25927.91,25208.00,25848.87,0
2019-03-18,25801.88,26109.68,25501.45,25502.32,0
2019-03-25,25490.72,25949.32,25372.26,25928.68,0
2019-04-01,26075.10,26487.57,26071.69,26424.99,0
2019-04-08,26312.67,26436.68,26062.59,26412.30,0
2019-04-15,26407.76,26602.42,26316.42,26559.54,0
2019-04-22,26510.77,26695.96,26310.28,26543.33,0
2019-04-29,26559.87,26689.39,26180.36,26504.95,0
2019-05-06,26160.62,26476.27,25469.86,25942.37,0
2019-05-13,25568.06,25957.63,25222.51,25764.00,0
2019-05-20,25655.31,25898.27,25328.09,25585.69,0
2019-05-28,25616.55,25717.63,24809.51,24815.04,0
2019-06-03,24830.16,26072.75,24680.57,25983.94,0
2019-06-10,26090.22,26248.67,25958.66,26089.61,0
2019-06-17,26108.53,26907.37,26049.80,26719.13,0
2019-06-24,26727.61,26806.52,26465.32,26599.96,0
2019-07-01,26805.86,26966.00,26616.21,26922.12,0
2019-07-08,26835.64,27333.79,26665.57,27332.03,0
2019-07-15,27364.69,27398.68,27068.79,27154.20,0
2019-07-22,27174.18,27368.81,27062.48,27192.45,0
2019-07-29,27192.24,27281.65,26249.22,26485.01,0
2019-08-05,26259.23,26413.36,25440.39,26287.44,0
2019-08-12,26169.91,26426.97,25339.60,25886.01,0
2019-08-19,26020.06,26388.78,25507.18,25628.90,0
2019-08-26,25826.05,26514.62,25637.43,26403.28,0
2019-09-03,26198.26,26860.87,25978.22,26797.46,0
2019-09-09,26866.23,27306.73,26717.05,27219.52,0
2019-09-16,27146.06,27272.17,26899.15,26935.07,0
2019-09-23,26851.45,27079.68,26704.96,26820.25,0
2019-09-30,26852.33,27046.21,25743.46,26573.72,0
2019-10-07,26502.33,27013.97,26139.80,26816.59,0
2019-10-14,26766.43,27120.11,26749.18,26770.20,0
2019-10-21,26852.67,27015.37,26714.34,26958.06,0
2019-10-28,27040.33,27347.43,26918.29,27347.36,0
2019-11-04,27402.06,27774.67,27402.06,27681.24,0
2019-11-11,27580.66,28004.89,27517.67,28004.89,0
2019-11-18,27993.22,28090.21,27675.28,27875.62,0
2019-11-25,27917.77,28174.97,27917.77,28051.41,0
2019-12-02,28109.74,28109.84,27325.13,28015.06,0
2019-12-09,27987.05,28290.73,27801.80,28135.38,0
2019-12-16,28191.67,28608.64,28191.67,28455.09,0
2019-12-23,28491.78,28701.66,28491.78,28645.26,0
2019-12-30,28654.76,28872.80,28376.49,28634.88,0
2020-01-06,28465.50,29009.07,28418.63,28823.77,0
2020-01-13,28869.01,29373.62,28819.43,29348.10,0
2020-01-21,29269.05,29341.21,28843.31,28989.73,0
2020-01-27,28542.49,28944.24,28169.53,28256.03,0
2020-02-03,28319.65,29408.05,28319.65,29102.51,0
2020-02-10,28995.66,29568.57,28995.66,29398.08,0
2020-02-18,29282.78,29409.09,28892.70,28992.41,0
2020-02-24,28402.93,28402.93,24681.01,25409.36,0
2020-03-02,25590.51,27102.34,25226.62,25864.78,0
2020-03-09,24992.36,25020.99,21154.46,23185.62,0
2020-03-16,20917.53,21768.28,18917.46,19173.98,0
2020-03-23,19028.36,22595.06,18213.65,21636.78,0
2020-03-30,21678.22,22480.37,20735.02,21052.53,0
2020-04-06,21693.63,24008.99,21693.63,23719.37,0
2020-04-13,23698.93,24264.21,23095.35,24242.49,0
2020-04-20,24095.10,24108.69,22941.88,23775.27,0
2020-04-27,23866.15,24764.77,23645.30,23723.69,0
2020-05-04,23581.55,24349.90,23361.16,24331.32,0
2020-05-11,24256.45,24382.09,22789.62,23685.42,0
2020-05-18,24059.98,24718.46,24059.98,24465.16,0
2020-05-26,24781.84,25758.79,24781.84,25383.11,0
2020-06-01,25342.99,27338.30,25220.66,27110.98,0
2020-06-08,27232.93,27580.21,25078.41,25605.54,0
2020-06-15,25270.39,26611.03,24843.18,25871.46,0
2020-06-22,25865.08,26314.97,24971.03,25015.55,0
2020-06-29,25152.45,26204.41,25096.16,25827.36,0
2020-07-06,25996.08,26297.53,25523.51,26075.30,0
2020-07-13,26225.07,27071.33,25994.98,26671.95,0
2020-07-20,26660.29,27035.24,26402.86,26469.89,0
2020-07-27,26447.67,26625.46,25992.28,26428.32,0
2020-08-03,26542.32,27456.24,26534.38,27433.48,0
2020-08-10,27488.21,28154.88,27488.21,27931.02,0
2020-08-17,27970.05,27999.81,27526.25,27930.33,0
2020-08-24,28077.58,28733.35,28041.75,28653.87,0
2020-08-31,28643.66,29199.35,27664.68,28133.31,0
2020-09-08,27925.23,28206.21,27447.08,27665.64,0
2020-09-14,27718.74,28364.77,27487.97,27657.42,0
2020-09-21,27484.71,27484.71,26537.01,27173.96,0
2020-09-28,27362.14,28041.46,27338.09,27682.81,0
2020-10-05,27825.42,28676.29,27728.03,28586.90,0
2020-10-12,28671.12,28957.90,28181.54,28606.31,0
2020-10-19,28633.55,28711.93,28040.18,28335.57,0
2020-10-26,28185.82,28185.82,26143.77,26501.60,0
2020-11-02,26691.28,28495.05,26691.28,28323.40,0
2020-11-09,29467.90,29933.83,28902.13,29479.81,0
2020-11-16,29672.36,29964.29,29228.38,29263.48,0
2020-11-23,29332.82,30116.51,29332.82,29910.37,0
2020-11-30,29854.51,30218.26,29463.64,30218.26,0
2020-12-07,30233.03,30319.70,29820.84,30046.37,0
2020-12-14,30123.91,30343.59,29849.15,30179.05,0
2020-12-21,30159.00,30304.14,29755.53,30199.87,0
2020-12-28,30283.23,30637.47,30274.24,30606.48,0
2021-01-04,30627.47,31193.40,29881.82,31097.97,0
2021-01-11,31015.37,31223.78,30612.67,30814.26,0
2021-01-19,30887.42,31272.22,30865.03,30996.98,0
2021-01-25,30989.85,31121.42,29856.30,29982.62,0
2021-02-01,30054.73,31252.18,30014.97,31148.24,0
2021-02-08,31191.20,31543.82,31191.20,31458.40,0
2021-02-16,31472.08,31647.53,31285.32,31494.32,0
2021-02-22,31381.12,32009.64,30911.37,30932.37,0
2021-03-01,31065.90,31668.34,30547.53,31496.30,0
2021-03-08,31512.15,32793.32,31512.15,32778.64,0
2021-03-15,32798.84,33227.78,32505.07,32627.97,0
2021-03-22,32601.82,33098.83,32071.41,33072.88,0
2021-03-29,33087.55,33259.00,32905.13,33153.21,0
2021-04-05,33222.38,33810.87,33222.38,33800.60,0
2021-04-12,33775.06,34256.75,33545.84,34200.67,0
2021-04-19,34182.38,34182.38,33687.01,34043.49,0
2021-04-26,34044.23,34148.94,33744.28,33874.85,0
2021-05-03,33904.89,34811.39,33765.68,34777.76,0
2021-05-10,34785.27,35091.56,33555.22,34382.13,0
2021-05-17,34375.29,34415.48,33473.80,34206.31,0
2021-05-24,34253.87,34631.11,34253.87,34529.45,0
2021-06-01,34584.19,34849.32,34334.41,34756.39,0
2021-06-07,34766.20,34820.91,34328.65,34479.60,0
2021-06-14,34472.52,34472.52,33271.93,33290.08,0
2021-06-21,33480.11,34501.02,33480.11,34433.85,0
2021-06-28,34428.10,34821.93,34186.13,34786.35,0
2021-07-06,34804.58,34893.72,34145.59,34870.17,0
2021-07-12,34836.75,35090.01,34647.82,34687.86,0
2021-07-19,34528.48,35095.33,33741.76,35061.56,0
2021-07-26,35055.86,35171.52,34871.13,34935.48,0
2021-08-02,34968.56,35246.79,34714.33,35208.52,0
2021-08-09,35229.67,35610.57,35041.24,35515.39,0
2021-08-16,35490.83,35631.19,34690.25,35120.09,0
2021-08-23,35160.97,35501.14,35160.97,35455.81,0
2021-08-30,35497.48,35510.71,35269.40,35369.10,0
2021-09-07,35326.06,35326.06,34599.61,34607.73,0
2021-09-13,34665.50,34990.36,34510.30,34584.89,0
2021-09-20,34459.72,34879.78,33613.03,34798.01,0
2021-09-27,34739.27,35061.12,33785.54,34326.47,0
2021-10-04,34270.71,34975.19,33821.58,34746.26,0
2021-10-11,34723.79,35320.97,34115.10,35294.77,0
2021-10-18,35221.02,35765.02,35035.94,35677.03,0
2021-10-25,35692.62,35892.92,35490.43,35819.57,0
2021-11-01,35833.65,36484.75,35797.97,36327.96,0
2021-11-08,36416.46,36565.73,35915.27,36100.32,0
2021-11-15,36128.83,36316.61,35555.37,35601.99,0
2021-11-22,35631.41,35929.66,34749.80,34899.35,0
2021-11-29,35017.71,35287.91,34006.98,34580.09,0
2021-12-06,34633.43,35982.69,34633.43,35971.00,0
2021-12-13,35958.93,36189.83,35284.26,35365.45,0
2021-12-20,35222.12,36060.99,34665.50,35950.57,0
2021-12-27,35954.48,36679.44,35954.48,36338.31,0
2022-01-03,36321.59,36952.65,36111.53,36231.67,0
2022-01-10,36175.21,36513.88,35639.91,35911.82,0
2022-01-18,35661.76,35661.76,34229.55,34265.38,0
2022-01-24,34070.61,34815.67,33150.33,34725.48,0
2022-01-31,34691.17,35679.20,34496.10,35089.75,0
2022-02-07,35108.38,35824.28,34620.52,34738.07,0
2022-02-14,34694.50,35047.79,33976.18,34079.19,0
2022-02-22,33974.09,34095.74,32272.64,34058.76,0
2022-02-28,33870.62,34179.07,33107.67,33614.81,0
2022-03-07,33579.75,33579.75,32578.73,32944.20,0
2022-03-14,33000.37,34755.20,32818.16,34754.94,0
2022-03-21,34669.85,34942.70,34341.81,34861.25,0
2022-03-28,34833.03,35372.26,34538.25,34818.28,0
2022-04-04,34799.98,35112.21,34190.95,34721.13,0
2022-04-11,34630.27,34889.17,34102.81,34451.24,0
2022-04-18,34411.49,35492.22,33773.39,33811.41,0
2022-04-25,33731.65,34106.01,32913.15,32977.22,0
2022-05-02,32978.49,34117.74,32449.87,32899.38,0
2022-05-09,32685.17,32752.17,31228.22,32196.67,0
2022-05-16,32152.15,32689.14,30635.76,31261.91,0
2022-05-23,31395.89,33213.62,31365.59,33212.97,0
2022-05-31,33160.59,33272.34,32509.43,32899.71,0
2022-06-06,33032.04,33235.37,31387.84,31392.80,0
2022-06-13,31144.91,31144.91,29653.29,29888.79,0
2022-06-21,30074.69,31517.29,30074.69,31500.69,0
2022-06-27,31533.60,31885.09,30431.87,31097.27,0
2022-07-05,30903.12,31511.46,30355.12,31338.16,0
2022-07-11,31277.98,31367.55,30143.93,31288.26,0
2022-07-18,31475.98,32219.25,30982.97,31899.30,0
2022-07-25,31950.93,32910.18,31705.36,32845.14,0
2022-08-01,32755.71,32972.03,32387.12,32803.48,0
2022-08-08,32877.36,33767.09,32702.66,33761.06,0
2022-08-15,33710.70,34281.36,33582.96,33706.75,0
2022-08-22,33586.59,33586.59,32278.22,32283.41,0
2022-08-29,32188.00,32325.16,31182.09,31318.45,0
2022-09-06,31343.79,32227.74,31048.46,32151.72,0
2022-09-12,32159.49,32504.04,30550.08,30822.43,0
2022-09-19,30722.86,31026.89,29250.47,29590.42,0
2022-09-26,29536.84,29811.78,28715.85,28725.52,0
2022-10-03,28855.25,30454.46,28855.25,29296.80,0
2022-10-10,29419.09,30428.82,28660.94,29634.84,0
2022-10-17,30059.58,31119.27,29997.62,31082.57,0
2022-10-24,31187.32,32889.81,31161.41,32861.81,0
2022-10-31,32754.27,33071.93,31727.05,32403.23,0
2022-11-07,32454.10,33817.96,32424.99,33747.87,0
2022-11-14,33662.05,33987.06,33239.75,33745.70,0
2022-11-21,33760.30,34386.51,33559.18,34347.04,0
2022-11-28,34275.91,34595.51,33583.77,34429.89,0
2022-12-05,34335.73,34335.73,33418.59,33476.47,0
2022-12-12,33519.50,34712.28,32654.59,32920.47,0
2022-12-19,32921.45,33437.84,32573.43,33203.94,0
2022-12-27,33224.23,33387.72,32847.82,33147.26,0
2023-01-03,33148.90,33710.66,32812.33,33630.62,0
2023-01-09,33664.39,34342.32,33421.80,34302.62,0
2023-01-17,34222.32,34269.97,32948.93,33375.50,0
2023-01-23,33439.56,34164.33,33273.21,33978.09,0
2023-01-30,33909.21,34334.70,33581.42,33926.02,0
2023-02-06,33874.44,34252.57,33591.99,33869.28,0
2023-02-13,33887.39,34331.47,33517.73,33826.70,0
2023-02-21,33699.69,33699.69,32643.48,32816.93,0
2023-02-27,32906.16,33405.82,32500.71,33390.98,0
2023-03-06,33425.32,33572.22,31783.41,31909.65,0
2023-03-13,31819.93,32306.59,31429.82,31861.99,0
2023-03-20,31872.33,32761.89,31805.18,32237.54,0
2023-03-27,32276.72,33291.00,32276.72,33274.16,0
2023-04-03,33245.78,33634.72,33245.78,33485.30,0
2023-04-10,33425.25,34082.94,33343.43,33886.48,0
2023-04-17,33930.46,34018.62,33677.74,33808.97,0
2023-04-24,33805.04,34104.56,33235.85,34098.17,0
2023-05-01,34116.81,34257.83,32937.50,33674.39,0
2023-05-08,33715.15,33772.09,33110.61,33300.63,0
2023-05-15,33321.21,33652.90,33006.19,33426.64,0
2023-05-22,33408.54,33512.30,32586.56,33093.35,0
2023-05-30,33103.65,33805.00,32704.51,33762.77,0
2023-06-05,33771.13,33975.32,33399.69,33876.79,0
2023-06-12,33906.80,34588.68,33783.55,34299.13,0
2023-06-20,34206.66,34206.66,33646.49,33727.44,0
2023-06-26,33730.79,34467.35,33610.32,34407.61,0
2023-07-03,34369.78,34465.60,33716.75,33734.89,0
2023-07-10,33705.68,34592.26,33705.68,34509.04,0
2023-07-17,34499.74,35372.77,34418.72,35227.70,0
2023-07-24,35230.79,35645.35,35216.58,35459.30,0
2023-07-31,35465.97,35679.13,35033.76,35065.63,0
2023-08-07,35125.60,35578.58,35007.41,35281.41,0
2023-08-14,35273.89,35335.45,34263.19,34500.67,0
2023-08-21,34531.28,34694.68,34029.22,34346.91,0
2023-08-28,34441.64,35070.21,34441.64,34837.72,0
2023-09-05,34843.22,34871.26,34291.56,34576.60,0
2023-09-11,34650.01,34977.97,34509.95,34618.25,0
2023-09-18,34612.29,34776.28,33947.24,33963.85,0
2023-09-25,33907.59,34017.53,33306.30,33507.51,0
2023-10-02,33455.50,33557.69,32846.94,33407.59,0
2023-10-09,33259.84,33957.72,33253.69,33670.30,0
2023-10-16,33832.42,34147.63,33118.12,33127.29,0
2023-10-23,32993.02,33272.19,32327.20,32417.60,0
2023-10-30,32537.54,34163.63,32537.54,34061.33,0
2023-11-06,34092.61,34310.36,33859.77,34283.11,0
2023-11-13,34259.25,35051.10,34205.81,34947.29,0
2023-11-20,34932.49,35399.44,34907.98,35390.16,0
2023-11-27,35376.44,36264.85,35280.57,36245.51,0
2023-12-04,36089.38,36296.20,36010.85,36247.88,0
2023-12-11,36254.33,37347.60,36231.19,37305.17,0
2023-12-18,37330.14,37641.30,37073.04,37385.98,0
2023-12-26,37405.90,37778.85,37371.83,37689.55,0
2024-01-02,37566.22,37790.08,37323.82,37466.12,0
2024-01-08,37327.37,37825.27,37249.24,37592.99,0
2024-01-16,37493.54,37933.73,37122.95,37863.81,0
2024-01-22,37919.55,38215.31,37795.71,38109.44,0
2024-01-29,38115.83,38783.62,38061.17,38654.43,0
2024-02-05,38546.77,38755.68,38220.40,38671.70,0
2024-02-12,38656.76,38927.08,38039.86,38628.00,0
2024-02-20,38576.26,39282.28,38338.58,39131.54,0
2024-02-26,39144.79,39245.89,38741.68,39087.39,0
2024-03-04,38968.77,39087.86,38457.83,38722.70,0
2024-03-11,38667.21,39201.94,38483.25,38714.78,0
2024-03-18,38826.93,39889.05,38760.79,39475.91,0
2024-03-25,39410.54,39868.59,39277.19,39807.38,0
2024-04-01,39807.93,39815.00,38559.42,38904.05,0
2024-04-08,38916.42,39013.20,37877.30,37983.25,0
2024-04-15,38075.38,38386.81,37611.56,37986.41,0
2024-04-22,38116.89,38561.50,37754.38,38239.67,0
2024-04-29,38282.16,38808.52,37780.54,38675.69,0
2024-05-06,38762.43,39579.88,38689.38,39512.85,0
2024-05-13,39591.28,40051.05,39371.92,40003.60,0
2024-05-20,39989.76,40077.40,39020.29,39069.60,0
2024-05-28,39028.99,39028.99,38000.96,38686.33,0
2024-06-03,38709.99,39105.23,38247.22,38799.00,0
2024-06-10,38784.90,39120.26,38305.85,38589.17,0
2024-06-17,38565.18,39257.18,38431.95,39150.34,0
2024-06-24,39184.49,39571.23,38908.99,39118.87,0
2024-07-01,39186.20,39438.36,39037.94,39375.88,0
2024-07-08,39428.91,40257.24,39146.60,40000.91,0
2024-07-15,40138.40,41376.00,40136.10,40287.54,0
2024-07-22,40414.49,40753.83,39807.45,40589.35,0
2024-07-29,40665.71,41198.63,39358.68,39737.27,0
2024-08-05,39056.19,39628.66,38499.27,39497.55,0
2024-08-12,39556.01,40726.03,39251.72,40659.77,0
2024-08-19,40670.83,41207.92,40584.47,41175.09,0
2024-08-26,41200.84,41585.21,40842.29,41563.09,0
2024-09-03,41489.67,41489.67,40297.33,40345.42,0
2024-09-09,40555.11,41533.84,39993.07,41393.78,0
2024-09-16,41435.17,42160.91,41435.17,42063.36,0
2024-09-23,42060.40,42628.32,41859.73,42313.00,0
2024-09-30,42289.75,42361.38,41847.81,42352.75,0
2024-10-07,42289.51,42899.75,41831.74,42863.86,0
2024-10-14,42800.89,43325.09,42692.37,43275.91,0
2024-10-21,43222.21,43310.87,42051.39,42114.40,0
2024-10-28,42264.54,42491.86,41704.63,42052.19,0
2024-11-04,42004.66,44157.29,41647.30,43988.99,0
2024-11-11,44057.65,44486.70,43350.43,43444.99,0
2024-11-18,43431.89,44323.95,42938.87,44296.51,0
2024-11-25,44385.49,45071.29,44385.49,44910.65,0
2024-12-02,44925.86,45073.63,44574.78,44642.52,0
2024-12-09,44637.97,44728.51,43790.48,43828.06,0
2024-12-16,43825.76,43951.58,42146.33,42840.26,0
2024-12-23,42800.49,43373.98,42516.87,42992.21,0
2024-12-30,42863.86,42905.09,42174.80,42732.13,0
2025-01-06,42835.52,43115.31,41877.30,41938.45,0
2025-01-13,41924.68,43653.25,41844.89,43487.83,0
2025-01-21,43528.65,44565.26,43528.65,44424.25,0
2025-01-27,44148.84,45054.36,44026.27,44544.66,0
2025-02-03,44268.15,44966.63,43879.06,44303.40,0
2025-02-10,44396.92,44769.05,44104.48,44546.08,0
2025-02-18,44583.91,44636.19,43349.33,43428.02,0
2025-02-24,43493.12,43884.19,43100.87,43840.91,0
2025-03-03,43900.49,44033.78,42175.62,42801.72,0
2025-03-10,42507.65,42541.36,40661.77,41488.19,0
2025-03-17,41460.22,42250.29,41412.75,41985.35,0
2025-03-24,42180.14,42821.83,41530.00,41583.90,0
2025-03-31,41382.52,42382.27,38264.87,38314.86,0
2025-04-07,37879.65,40778.70,36611.78,40212.71,0
2025-04-14,40546.15,40791.18,38950.31,39142.23,0
2025-04-21,38906.04,40376.11,37830.66,40113.50,0
2025-04-28,40171.74,41386.19,39745.63,41317.43,0
2025-05-05,41173.38,41773.22,40759.41,41249.38,0
2025-05-12,41899.05,42663.68,41777.98,42654.74,0
2025-05-19,42542.81,42842.04,41354.09,41603.07,0
2025-05-27,41849.04,42448.72,41828.35,42270.07,0
2025-06-02,42199.94,42924.56,41853.62,42762.87,0
2025-06-09,42786.19,43115.69,42081.09,42197.79,0
2025-06-16,42300.13,42707.73,42089.99,42206.82,0
2025-06-23,42178.55,43966.37,41981.14,43819.27,0
2025-06-30,44020.66,44885.83,43889.16,44828.53,0
2025-07-07,44803.36,44803.36,44160.32,44371.51,0
2025-07-14,44346.15,44571.68,43758.98,44342.19,0
2025-07-21,44368.40,45016.71,44272.60,44901.92,0
2025-07-28,44946.98,44946.98,43340.68,43588.58,0
2025-08-04,43724.02,44498.43,43724.02,44175.61,0
2025-08-11,44184.36,45203.52,43911.31,44946.12,0
2025-08-18,44963.17,45757.84,44579.03,45631.74,0
2025-08-25,45605.25,45682.83,45192.29,45544.88,0
2025-09-02,45287.73,45770.20,44948.16,45400.86,0
2025-09-08,45430.61,46137.20,45277.73,45834.22,0
2025-09-15,45848.39,46396.47,45667.42,46315.27,0
2025-09-22,46206.69,46714.27,45785.17,46247.29,0
2025-09-29,46306.34,47049.64,46103.39,46758.28,0
2025-10-06,46776.04,46868.49,45470.72,45479.60,0
2025-10-13,45698.46,46693.34,45452.03,46190.61,0
2025-10-20,46312.88,47326.73,46312.88,47207.12,0
2025-10-27,47412.80,48040.64,47347.28,47562.87,0
2025-11-03,47697.33,47697.33,46495.62,46987.10,0
2025-11-10,47095.06,48431.57,46863.05,47147.48,0
2025-11-17,47068.06,47202.56,45728.93,46245.41,0
2025-11-24,46351.93,47750.77,46108.01,47716.42,0
2025-12-01,47580.85,48133.54,47263.92,47954.99,0
2025-12-08,47971.51,48886.86,47462.94,48458.05,0
2025-12-15,48594.36,48679.14,47849.48,48134.89,0
2025-12-22,48211.88,48782.00,48199.13,48710.97,0
2025-12-29,48636.63,48704.83,47853.04,48382.39,0
2026-01-05,48475.81,49621.43,48449.62,49504.07,0
2026-01-12,49499.67,49633.35,48851.98,49359.33,0
2026-01-20,49005.01,49607.29,48428.13,49098.71,0
2026-01-26,49137.65,49488.81,48459.88,48892.47,0
2026-02-02,48777.77,50169.65,48673.58,50115.67,0
2026-02-09,50047.79,50512.79,49084.35,49500.93,0
2026-02-17,49525.37,49897.31,49158.28,49625.97,0
2026-02-23,49536.54,49815.22,48678.78,48977.92,0
2026-03-02,48794.42,49064.67,47009.01,47501.55,0
2026-03-09,47371.28,48220.54,46494.63,46558.47,0
2026-03-16,46707.40,47428.12,45369.39,45577.47,0
2026-03-23,45803.82,46718.42,45063.33,45166.64,0
2026-03-30,45283.06,46803.36,45057.28,46504.67,0
2026-04-06,46472.20,48323.95,46214.77,47916.57,0
2026-04-13,47718.21,49717.98,47505.97,49447.43,0
2026-04-20,49422.37,49848.69,48861.31,49230.71,0
2026-04-27,49112.20,49988.56,48708.57,49499.27,0
2026-05-04,49416.66,50135.01,48913.06,49613.97,0
2026-05-11,49553.95,50206.02,49312.93,49530.94,0
2026-05-18,49485.95,50835.08,49240.92,50585.07,0
2026-05-26,50691.07,51099.11,50319.03,51037.09,0
2026-06-01,51166.12,51665.17,50692.07,50872.08,0
2026-06-08,51002.10,51415.14,49913.99,51207.11,0
2026-06-15,51370.14,52286.23,51370.14,51570.17,0
2026-06-22,51560.16,52661.27,51307.13,51881.18,0
2026-06-29,52000.20,52909.29,51955.19,52905.28,0
2026-07-06,52833.28,53294.33,52075.21,52642.27,0
2026-07-13,52682.27,52930.29,51992.20,52151.22,0
2026-07-20,52160.22,52516.25,51547.15,51952.20,0
2026-07-27,52178.22,52907.29,51556.16,52490.26,0
2026-08-03,52764.28,54749.47,52764.28,54042.39,0
2026-08-10,54078.41,54228.42,53627.36,53737.38,0
2026-08-17,53668.37,53715.37,52760.28,53282.32,0
2026-08-24,53267.33,53825.38,53267.33,53565.35,0
2026-08-31,53468.35,53752.37,52696.27,53419.33,0
2026-09-08,53115.31,53115.31,51968.20,52578.27,0
2026-09-14,52756.28,52756.28,51192.12,51783.17,0
