Date,Open,High,Low,Close,Volume
2013-08-20,0.97,0.97,0.97,0.97,5198
2013-08-21,0.92,0.92,0.92,0.92,67
2013-08-23,0.88,0.88,0.88,0.88,32
2013-08-26,0.83,0.83,0.83,0.83,688
2013-08-28,0.80,0.80,0.80,0.80,67
2013-08-29,0.76,0.76,0.76,0.76,6
2013-10-01,0.73,0.73,0.73,0.73,4131
2013-10-03,0.69,0.69,0.69,0.69,3476
2013-10-04,0.66,0.66,0.66,0.66,6888
2013-10-07,0.63,0.63,0.63,0.63,7231
2013-10-11,0.60,0.63,0.60,0.63,13
2013-10-14,0.60,0.60,0.60,0.60,3442
2013-10-15,0.57,0.57,0.57,0.57,8959
2013-10-17,0.55,0.55,0.55,0.55,13810
2013-10-18,0.53,0.57,0.53,0.57,16119
2013-10-21,0.58,0.58,0.58,0.58,13
2013-10-22,0.55,0.59,0.55,0.59,13789
2013-10-23,0.56,0.56,0.56,0.56,67
2013-10-24,0.54,0.54,0.54,0.54,13
2013-10-25,0.52,0.52,0.52,0.52,18942
2013-10-28,0.49,0.49,0.49,0.49,20912
2013-10-29,0.48,0.51,0.47,0.47,109638
2013-10-30,0.45,0.45,0.45,0.45,13776
2013-10-31,0.43,0.43,0.43,0.43,39953
2013-11-01,0.44,0.44,0.42,0.43,2981
2013-11-05,0.42,0.42,0.41,0.41,136416
2013-11-06,0.40,0.41,0.40,0.40,306046
2013-11-07,0.38,0.41,0.38,0.38,135102
2013-11-08,0.38,0.38,0.38,0.38,170
2013-11-11,0.38,0.38,0.38,0.38,110253
2013-11-12,0.38,0.38,0.36,0.36,3821
2013-11-13,0.38,0.38,0.35,0.36,139287
2013-11-14,0.38,0.38,0.35,0.36,105177
2013-11-18,0.36,0.36,0.36,0.36,231281
2013-11-19,0.38,0.38,0.38,0.38,6
2013-11-20,0.39,0.39,0.39,0.39,5151
2013-11-22,0.41,0.41,0.41,0.41,5116
2013-11-25,0.39,0.42,0.39,0.39,7252
2013-11-26,0.38,0.38,0.38,0.38,6
2013-11-27,0.36,0.36,0.36,0.36,2394
2013-11-29,0.36,0.37,0.36,0.37,8416
2013-12-02,0.37,0.37,0.36,0.36,7058
2013-12-03,0.38,0.38,0.38,0.38,1843
2013-12-04,0.39,0.39,0.39,0.39,399
2013-12-05,0.41,0.41,0.41,0.41,33125
2013-12-09,0.42,0.42,0.42,0.42,4819
2013-12-10,0.41,0.41,0.41,0.41,13871
2013-12-11,0.39,0.41,0.39,0.41,6735
2013-12-12,0.41,0.41,0.41,0.41,17220
2013-12-19,0.41,0.41,0.39,0.39,54
2013-12-20,0.38,0.38,0.38,0.38,688
2013-12-27,0.38,0.38,0.38,0.38,1720
2014-01-01,0.38,0.38,0.38,0.38,1377
2014-01-06,0.38,0.38,0.38,0.38,694
2014-01-09,0.35,0.35,0.35,0.35,688
2014-01-10,0.32,0.33,0.32,0.33,7817
2014-01-13,0.36,0.36,0.36,0.36,8918
2014-01-14,0.33,0.33,0.33,0.33,170
2014-01-16,0.33,0.33,0.30,0.32,11772
2014-01-17,0.32,0.32,0.32,0.32,26
2014-01-21,0.35,0.35,0.35,0.35,3552
2014-01-22,0.33,0.33,0.33,0.33,2754
2014-01-23,0.33,0.36,0.32,0.32,6506
2014-01-27,0.29,0.30,0.29,0.30,21655
2014-01-30,0.28,0.28,0.28,0.28,3614
2014-02-04,0.30,0.30,0.30,0.30,2394
2014-02-05,0.28,0.30,0.28,0.30,3207
2014-02-06,0.28,0.30,0.28,0.30,5330
2014-02-07,0.28,0.28,0.28,0.28,453
2014-02-10,0.28,0.28,0.25,0.25,1377
2014-02-12,0.27,0.27,0.27,0.27,293
2014-02-19,0.26,0.26,0.26,0.26,1377
2014-02-28,0.25,0.25,0.25,0.25,17220
2014-03-11,0.23,0.23,0.23,0.23,67
2014-03-12,0.22,0.22,0.21,0.21,76567
2014-03-13,0.20,0.20,0.20,0.20,11813
2014-03-14,0.19,0.19,0.19,0.19,481
2014-03-18,0.18,0.19,0.18,0.18,7315
2014-03-27,0.18,0.18,0.18,0.18,136
2014-03-28,0.18,0.19,0.17,0.17,9162
2014-03-31,0.17,0.17,0.17,0.17,11364
2014-04-01,0.17,0.17,0.17,0.17,3442
2014-04-03,0.18,0.18,0.18,0.18,914
2014-04-04,0.19,0.19,0.19,0.19,494
2014-04-07,0.20,0.20,0.20,0.20,569
2014-04-09,0.20,0.20,0.20,0.20,114
2014-04-10,0.20,0.21,0.20,0.21,35405
2014-04-11,0.21,0.21,0.21,0.21,2754
2014-04-16,0.20,0.20,0.20,0.20,343
2014-04-17,0.21,0.21,0.21,0.21,6
2014-04-21,0.21,0.21,0.21,0.21,6888
2014-05-06,0.22,0.22,0.22,0.22,6888
2014-05-12,0.21,0.21,0.21,0.21,16806
2014-05-13,0.20,0.20,0.20,0.20,114
2014-05-15,0.19,0.19,0.19,0.19,1004
2014-05-16,0.19,0.19,0.19,0.19,6888
2014-05-20,0.18,0.18,0.18,0.18,688
2014-05-21,0.17,0.17,0.17,0.17,7644
2014-05-22,0.17,0.18,0.17,0.18,8987
2014-05-23,0.19,0.19,0.19,0.19,205
2014-05-26,0.20,0.20,0.20,0.20,136
2014-05-28,0.19,0.19,0.19,0.19,3455
2014-05-29,0.19,0.19,0.19,0.19,67
2014-06-03,0.20,0.20,0.20,0.20,239
2014-06-04,0.20,0.20,0.20,0.20,34442
2014-06-05,0.20,0.20,0.20,0.20,248747
2014-06-06,0.21,0.21,0.21,0.21,688
2014-06-09,0.21,0.22,0.21,0.22,99727
2014-06-11,0.22,0.22,0.22,0.22,515
2014-06-12,0.23,0.23,0.23,0.23,4759
2014-06-13,0.23,0.23,0.23,0.23,1397
2014-06-30,0.24,0.24,0.24,0.24,183
2014-07-03,0.25,0.25,0.25,0.25,688
2014-07-08,0.25,0.25,0.25,0.25,688
2014-07-11,0.25,0.25,0.25,0.25,3442
2014-07-14,0.26,0.26,0.26,0.26,205
2014-07-15,0.27,0.27,0.27,0.27,7356
2014-07-18,0.28,0.28,0.28,0.28,8547
2014-07-22,0.28,0.28,0.28,0.28,688
2014-07-23,0.28,0.28,0.28,0.28,41
2014-07-25,0.28,0.28,0.28,0.28,18224
2014-07-28,0.29,0.29,0.29,0.29,1377
2014-07-30,0.29,0.30,0.29,0.30,2078
2014-08-04,0.32,0.32,0.32,0.32,190
2014-08-05,0.33,0.33,0.33,0.33,1032
2014-08-08,0.33,0.33,0.33,0.33,688
2014-08-11,0.31,0.31,0.31,0.31,3442
2014-08-13,0.33,0.33,0.33,0.33,20845
2014-08-14,0.31,0.31,0.31,0.31,892
2014-08-18,0.33,0.33,0.33,0.33,1142
2014-08-19,0.34,0.34,0.34,0.34,6026
2014-08-20,0.33,0.33,0.33,0.33,2002
2014-08-21,0.31,0.32,0.31,0.32,1547
2014-08-22,0.30,0.32,0.30,0.32,750
2014-08-25,0.32,0.32,0.30,0.30,6888
2014-08-26,0.29,0.29,0.29,0.29,31485
2014-08-28,0.28,0.28,0.28,0.28,4151
2014-09-01,0.29,0.29,0.29,0.29,2065
2014-09-02,0.28,0.28,0.28,0.28,582
2014-09-05,0.28,0.28,0.26,0.26,412
2014-09-08,0.28,0.28,0.27,0.27,2175
2014-09-09,0.25,0.29,0.25,0.26,15856
2014-09-10,0.28,0.28,0.28,0.28,8953
2014-09-12,0.30,0.30,0.30,0.30,1377
2014-09-15,0.32,0.32,0.32,0.32,466
2014-09-16,0.33,0.33,0.33,0.33,12226
2014-09-17,0.32,0.33,0.32,0.33,211
2014-09-18,0.34,0.34,0.34,0.34,349
2014-09-19,0.34,0.36,0.34,0.36,5377
2014-09-23,0.36,0.36,0.36,0.36,804
2014-09-24,0.35,0.35,0.35,0.35,170
2014-09-29,0.36,0.36,0.36,0.36,7239
2014-09-30,0.38,0.38,0.38,0.38,433
2014-10-01,0.39,0.39,0.39,0.39,343
2014-10-07,0.41,0.41,0.41,0.41,343
2014-10-08,0.42,0.42,0.42,0.42,3442
2014-10-09,0.44,0.44,0.44,0.44,252
2014-10-13,0.46,0.46,0.46,0.46,688
2014-10-14,0.46,0.46,0.46,0.46,6888
2014-11-12,0.44,0.44,0.44,0.44,36164
2015-01-13,0.41,0.41,0.41,0.41,6894
2015-02-20,0.40,0.41,0.40,0.41,6888
2015-02-26,0.40,0.40,0.40,0.40,15498
2015-03-09,0.41,0.41,0.41,0.41,688891
2015-03-20,0.39,0.39,0.39,0.39,41330
2015-04-07,0.38,0.38,0.38,0.38,688
2015-04-09,0.36,0.36,0.36,0.36,5851
2015-04-10,0.35,0.35,0.35,0.35,688
2015-04-13,0.34,0.34,0.34,0.34,582
2015-04-17,0.33,0.33,0.33,0.33,1377
2015-04-20,0.31,0.31,0.31,0.31,6922
2015-04-21,0.30,0.30,0.30,0.30,300
2015-04-22,0.29,0.30,0.29,0.30,3994
2015-05-05,0.30,0.30,0.30,0.30,101
2015-05-06,0.29,0.29,0.29,0.29,3442
2015-05-25,0.28,0.28,0.28,0.28,688
2015-05-26,0.27,0.28,0.27,0.28,4819
2015-05-27,0.29,0.29,0.28,0.28,750
2015-05-28,0.28,0.28,0.28,0.28,19
2015-06-09,0.27,0.28,0.27,0.27,68886
2015-06-12,0.26,0.26,0.26,0.26,170
2015-06-15,0.26,0.26,0.26,0.26,6
2015-06-17,0.27,0.27,0.27,0.27,6
2015-06-30,0.26,0.26,0.26,0.26,67
2015-07-07,0.25,0.26,0.25,0.25,13776
2015-07-08,0.26,0.26,0.25,0.25,6894
2015-07-10,0.25,0.25,0.25,0.25,2065
2015-07-24,0.25,0.25,0.25,0.25,170
2015-07-27,0.25,0.25,0.25,0.25,1356
2015-08-05,0.25,0.25,0.25,0.25,34442
2015-08-06,0.26,0.26,0.26,0.26,13
2015-08-10,0.25,0.25,0.25,0.25,293
2015-08-24,0.26,0.26,0.26,0.26,1377
2015-09-02,0.27,0.27,0.27,0.27,34442
2015-09-10,0.26,0.26,0.26,0.26,4819
2015-09-18,0.25,0.25,0.25,0.25,41
2015-09-30,0.26,0.26,0.26,0.26,13431
2015-10-07,0.27,0.27,0.27,0.27,4157
2015-10-08,0.28,0.28,0.26,0.26,51664
2015-10-13,0.27,0.27,0.27,0.27,7300
2015-10-14,0.26,0.26,0.26,0.26,1032
2015-10-15,0.25,0.25,0.25,0.25,2106
2015-10-19,0.25,0.25,0.25,0.25,343
2015-10-29,0.25,0.25,0.25,0.25,3442
2015-11-04,0.26,0.26,0.26,0.26,48619
2015-11-05,0.27,0.27,0.27,0.27,13776
2015-11-09,0.27,0.27,0.27,0.27,11103
2015-11-16,0.28,0.28,0.28,0.28,149
2015-11-19,0.28,0.28,0.28,0.28,3614
2015-11-20,0.29,0.29,0.29,0.29,13776
2015-11-24,0.30,0.30,0.30,0.30,15153
2015-11-30,0.32,0.32,0.32,0.32,866
2015-12-01,0.32,0.32,0.32,0.32,3442
2015-12-02,0.32,0.32,0.32,0.32,32
2015-12-03,0.32,0.32,0.32,0.32,6
2015-12-07,0.33,0.33,0.33,0.33,35194
2015-12-09,0.32,0.32,0.32,0.32,6233
2015-12-11,0.30,0.30,0.30,0.30,6888
2015-12-15,0.30,0.30,0.30,0.30,515
2015-12-16,0.32,0.32,0.32,0.32,791
2015-12-22,0.33,0.33,0.33,0.33,13776
2015-12-23,0.35,0.35,0.32,0.32,5578
2015-12-24,0.33,0.33,0.33,0.33,123
2015-12-28,0.35,0.35,0.35,0.35,170
2016-01-04,0.36,0.36,0.36,0.36,170
2016-01-08,0.38,0.38,0.38,0.38,8780
2016-01-11,0.39,0.39,0.39,0.39,1134
2016-01-13,0.41,0.41,0.41,0.41,170
2016-01-14,0.42,0.42,0.42,0.42,6233
2016-01-15,0.44,0.44,0.44,0.44,343
2016-01-21,0.41,0.41,0.41,0.41,6894
2016-01-29,0.40,0.40,0.40,0.40,11019
2016-02-01,0.41,0.41,0.41,0.41,6888
2016-02-03,0.41,0.41,0.41,0.41,3442
2016-02-10,0.42,0.42,0.42,0.42,343
2016-02-23,0.44,0.44,0.44,0.44,67
2016-02-26,0.46,0.46,0.42,0.42,5235
2016-02-29,0.42,0.42,0.42,0.42,3683
2016-03-03,0.42,0.42,0.42,0.42,1377
2016-03-04,0.42,0.42,0.42,0.42,67
2016-03-15,0.41,0.41,0.41,0.41,3442
2016-03-22,0.39,0.39,0.39,0.39,36847
2016-03-30,0.40,0.40,0.40,0.40,817
2016-05-04,0.38,0.38,0.38,0.38,6
2016-05-09,0.37,0.37,0.37,0.37,3442
2016-05-10,0.37,0.38,0.37,0.38,3806
2016-05-11,0.39,0.39,0.36,0.36,12017
2016-05-12,0.35,0.35,0.35,0.35,5157
2016-05-13,0.35,0.35,0.35,0.35,6888
2016-05-18,0.33,0.33,0.33,0.33,3442
2016-05-19,0.32,0.32,0.32,0.32,3608
2016-05-20,0.30,0.30,0.30,0.30,10330
2016-05-23,0.29,0.29,0.29,0.29,4994
2016-05-24,0.28,0.28,0.28,0.28,8554
2016-05-26,0.27,0.28,0.27,0.28,2263
2016-05-30,0.28,0.28,0.28,0.28,3442
2016-06-01,0.27,0.28,0.27,0.28,17944
2016-06-02,0.28,0.29,0.28,0.29,44955
2016-06-03,0.28,0.30,0.28,0.30,4131
2016-06-06,0.32,0.32,0.29,0.29,20664
2016-06-07,0.30,0.30,0.28,0.28,6888
2016-06-08,0.28,0.29,0.28,0.29,6185
2016-06-09,0.29,0.29,0.29,0.29,1086
2016-06-10,0.30,0.30,0.30,0.30,343
2016-06-14,0.32,0.32,0.32,0.32,21063
2016-06-15,0.33,0.33,0.33,0.33,688
2016-06-16,0.35,0.35,0.35,0.35,1377
2016-06-17,0.36,0.36,0.36,0.36,741
2016-06-20,0.35,0.35,0.35,0.35,252
2016-06-21,0.36,0.36,0.33,0.34,306
2016-06-22,0.36,0.36,0.36,0.36,14774
2016-06-23,0.37,0.37,0.37,0.37,2679
2016-06-27,0.36,0.38,0.36,0.36,6929
2016-06-28,0.37,0.37,0.34,0.34,13776
2016-06-29,0.33,0.33,0.33,0.33,700
2016-06-30,0.32,0.32,0.32,0.32,11151
2016-07-01,0.32,0.33,0.30,0.33,52985
2016-07-04,0.33,0.33,0.33,0.33,27552
2016-07-05,0.34,0.34,0.34,0.34,3442
2016-07-07,0.36,0.36,0.36,0.36,6888
2016-07-08,0.37,0.37,0.37,0.37,67
2016-07-11,0.36,0.36,0.36,0.36,315
2016-07-12,0.34,0.34,0.34,0.34,11138
2016-07-13,0.36,0.36,0.36,0.36,6606
2016-07-14,0.34,0.34,0.34,0.34,6198
2016-07-15,0.33,0.33,0.33,0.33,5763
2016-07-18,0.34,0.34,0.34,0.34,3664
2016-07-19,0.36,0.36,0.36,0.36,688
2016-07-20,0.37,0.37,0.37,0.37,218
2016-07-21,0.38,0.38,0.36,0.36,11800
2016-07-22,0.35,0.35,0.35,0.35,688
2016-07-25,0.36,0.36,0.36,0.36,6142
2016-07-26,0.38,0.38,0.38,0.38,688
2016-07-28,0.38,0.38,0.38,0.38,1377
2016-08-02,0.39,0.39,0.38,0.38,35304
2016-08-05,0.39,0.39,0.39,0.39,694
2016-08-08,0.41,0.41,0.41,0.41,961
2016-08-10,0.42,0.42,0.42,0.42,19860
2016-08-11,0.44,0.44,0.44,0.44,569
2016-08-12,0.42,0.44,0.42,0.44,700
2016-08-16,0.41,0.41,0.41,0.41,13776
2016-08-17,0.40,0.43,0.40,0.43,1754
2016-08-18,0.41,0.44,0.41,0.41,27746
2016-08-19,0.41,0.42,0.40,0.40,7099
2016-08-22,0.40,0.40,0.38,0.38,4304
2016-08-23,0.40,0.40,0.40,0.40,32808
2016-08-24,0.38,0.38,0.38,0.38,5351
2016-08-25,0.40,0.40,0.37,0.38,15289
2016-08-26,0.36,0.36,0.36,0.36,67
2016-08-30,0.36,0.38,0.35,0.38,44638
2016-08-31,0.36,0.36,0.36,0.36,88
2016-09-02,0.38,0.38,0.35,0.38,17226
2016-09-06,0.38,0.38,0.38,0.38,10511
2016-09-07,0.36,0.36,0.36,0.36,343
2016-09-09,0.36,0.36,0.36,0.36,1377
2016-09-12,0.37,0.37,0.37,0.37,2065
2016-09-14,0.36,0.38,0.36,0.38,13776
2016-09-15,0.38,0.38,0.38,0.38,3897
2016-09-16,0.36,0.36,0.36,0.36,10330
2016-09-21,0.35,0.35,0.35,0.35,170
2016-09-22,0.34,0.36,0.34,0.36,7265
2016-09-23,0.36,0.36,0.36,0.36,2058
2016-09-27,0.37,0.37,0.37,0.37,688
2016-09-28,0.36,0.36,0.36,0.36,10916
2016-09-29,0.35,0.36,0.35,0.36,17931
2016-09-30,0.35,0.36,0.35,0.36,522
2016-10-03,0.36,0.37,0.36,0.37,7410
2016-10-04,0.38,0.38,0.38,0.38,2692
2016-10-05,0.40,0.40,0.40,0.40,8953
2016-10-06,0.41,0.41,0.41,0.41,343
2016-10-07,0.43,0.43,0.43,0.43,487
2016-10-10,0.44,0.44,0.44,0.44,6888
2016-10-13,0.46,0.46,0.46,0.46,3373
2016-10-17,0.46,0.46,0.46,0.46,157
2016-10-20,0.46,0.49,0.46,0.49,5164
2016-10-21,0.49,0.51,0.46,0.49,17412
2016-10-24,0.51,0.51,0.51,0.51,14403
2016-10-26,0.53,0.53,0.53,0.53,19
2016-10-27,0.55,0.55,0.55,0.55,2925
2016-10-28,0.57,0.57,0.57,0.57,4819
2016-11-01,0.62,0.62,0.62,0.62,1086
2016-11-02,0.65,0.65,0.65,0.65,688
2016-11-03,0.68,0.68,0.65,0.65,43582
2016-11-04,0.62,0.62,0.62,0.62,343
2016-11-07,0.60,0.61,0.60,0.60,3746
2016-11-08,0.62,0.62,0.62,0.62,2065
2016-11-09,0.60,0.60,0.60,0.60,688
2016-11-10,0.60,0.62,0.60,0.62,8112
2016-11-11,0.60,0.60,0.60,0.60,5509
2016-11-15,0.60,0.60,0.60,0.60,7575
2016-11-16,0.57,0.60,0.57,0.60,2203
2016-11-17,0.58,0.58,0.58,0.58,2610
2016-11-22,0.56,0.56,0.56,0.56,688
2016-11-23,0.56,0.56,0.56,0.56,95
2016-11-25,0.54,0.54,0.54,0.54,13776
2016-11-28,0.54,0.54,0.52,0.53,34442
2016-11-30,0.52,0.52,0.52,0.52,1927
2016-12-05,0.50,0.50,0.50,0.50,17220
2016-12-06,0.52,0.52,0.52,0.52,13776
2016-12-09,0.52,0.54,0.52,0.54,12123
2016-12-12,0.52,0.57,0.52,0.52,8642
2016-12-14,0.54,0.54,0.50,0.53,15030
2016-12-22,0.51,0.51,0.51,0.51,108
2016-12-27,0.49,0.49,0.49,0.49,239
2016-12-28,0.46,0.46,0.46,0.46,1513
2016-12-29,0.46,0.49,0.46,0.49,239
2016-12-30,0.48,0.48,0.48,0.48,722
2017-01-02,0.47,0.48,0.47,0.48,6295
2017-01-03,0.50,0.50,0.50,0.50,5509
2017-01-09,0.48,0.48,0.48,0.48,5198
2017-01-10,0.46,0.46,0.46,0.46,8994
2017-01-11,0.48,0.48,0.48,0.48,13776
2017-01-12,0.50,0.50,0.50,0.50,26
2017-01-16,0.48,0.48,0.48,0.48,6955
2017-01-17,0.46,0.46,0.46,0.46,3442
2017-01-18,0.44,0.48,0.44,0.48,722
2017-01-19,0.50,0.50,0.50,0.50,170
2017-01-20,0.49,0.52,0.49,0.52,4918
2017-01-23,0.54,0.54,0.54,0.54,515
2017-01-24,0.54,0.57,0.52,0.57,86548
2017-01-25,0.57,0.59,0.57,0.57,11599
2017-01-27,0.56,0.60,0.55,0.55,2347
2017-01-30,0.55,0.57,0.55,0.57,4304
2017-01-31,0.55,0.60,0.55,0.60,3718
2017-02-01,0.60,0.62,0.58,0.58,10386
2017-02-02,0.55,0.61,0.55,0.55,9649
2017-02-03,0.55,0.55,0.55,0.55,6
2017-02-06,0.55,0.55,0.55,0.55,252
2017-02-08,0.57,0.57,0.57,0.57,13
2017-02-09,0.57,0.57,0.57,0.57,54
2017-02-10,0.57,0.57,0.57,0.57,866
2017-02-13,0.57,0.57,0.57,0.57,4131
2017-02-15,0.57,0.57,0.57,0.57,205
2017-02-17,0.57,0.57,0.57,0.57,82
2017-02-22,0.54,0.55,0.54,0.55,6888
2017-02-27,0.53,0.53,0.53,0.53,6
2017-03-01,0.51,0.51,0.51,0.51,10399
2017-03-03,0.49,0.53,0.49,0.49,13789
2017-03-06,0.48,0.48,0.48,0.48,47
2017-03-14,0.48,0.48,0.48,0.48,205
2017-03-29,0.46,0.46,0.46,0.46,681
2017-03-30,0.44,0.44,0.44,0.44,54427
2017-04-03,0.41,0.41,0.41,0.41,3608
2017-04-05,0.41,0.41,0.40,0.40,19519
2017-04-06,0.38,0.38,0.38,0.38,5944
2017-04-11,0.37,0.37,0.37,0.37,3724
2017-04-12,0.36,0.38,0.36,0.38,1485
2017-04-13,0.40,0.40,0.40,0.40,13933
2017-04-17,0.38,0.39,0.38,0.38,55459
2017-04-18,0.38,0.40,0.38,0.40,6866
2017-04-19,0.41,0.41,0.41,0.41,985
2017-04-20,0.43,0.43,0.42,0.42,4151
2017-04-21,0.44,0.44,0.44,0.44,16860
2017-04-24,0.46,0.46,0.46,0.46,858
2017-04-25,0.48,0.48,0.48,0.48,73102
2017-04-26,0.48,0.48,0.48,0.48,136
2017-04-27,0.48,0.48,0.48,0.48,3097
2017-04-28,0.46,0.48,0.46,0.48,343
2017-05-02,0.46,0.46,0.46,0.46,10504
2017-05-03,0.46,0.46,0.46,0.46,287
2017-05-08,0.48,0.48,0.48,0.48,3442
2017-05-11,0.50,0.50,0.50,0.50,1377
2017-05-15,0.48,0.48,0.48,0.48,3207
2017-05-16,0.46,0.46,0.46,0.46,3912
2017-05-17,0.45,0.46,0.45,0.46,37183
2017-05-19,0.44,0.44,0.44,0.44,11543
2017-06-22,0.42,0.42,0.42,0.42,10800
2017-06-23,0.42,0.42,0.42,0.42,688
2017-06-27,0.41,0.41,0.41,0.41,16179
2017-07-12,0.41,0.41,0.41,0.41,709
2017-07-18,0.41,0.41,0.41,0.41,343
2017-08-04,0.41,0.41,0.39,0.39,666
2017-08-08,0.38,0.38,0.38,0.38,6
2017-08-10,0.36,0.36,0.36,0.36,24198
2017-08-16,0.38,0.38,0.38,0.38,688
2017-08-17,0.36,0.36,0.36,0.36,68886
2017-08-21,0.35,0.35,0.35,0.35,25142
2017-08-24,0.33,0.33,0.33,0.33,2235
2017-09-11,0.32,0.33,0.32,0.33,1377
2017-09-12,0.32,0.32,0.32,0.32,67
2017-09-21,0.32,0.32,0.32,0.32,1377
2017-10-05,0.33,0.33,0.33,0.33,3649
2017-10-25,0.32,0.32,0.32,0.32,1390
2017-10-26,0.30,0.30,0.30,0.30,47
2017-10-27,0.29,0.30,0.29,0.30,797
2017-10-30,0.29,0.29,0.29,0.29,873
2017-10-31,0.30,0.30,0.30,0.30,694
2017-11-02,0.32,0.32,0.32,0.32,2065
2017-11-08,0.33,0.33,0.33,0.33,1789
2017-11-09,0.35,0.35,0.35,0.35,32
2017-11-10,0.36,0.36,0.36,0.36,791
2017-11-14,0.38,0.38,0.38,0.38,20664
2017-11-15,0.36,0.36,0.36,0.36,68886
2017-11-16,0.36,0.36,0.36,0.36,205
2017-11-24,0.35,0.35,0.35,0.35,2409
2017-11-27,0.35,0.35,0.34,0.34,32410
2017-12-22,0.33,0.33,0.33,0.33,688
2018-04-11,0.31,0.31,0.31,0.31,1183
2018-04-13,0.30,0.30,0.30,0.30,2754
2018-04-17,0.31,0.31,0.31,0.31,3608
2018-04-23,0.33,0.33,0.33,0.33,2244
2018-05-07,0.33,0.33,0.33,0.33,47
2018-05-24,0.31,0.31,0.31,0.31,13782
2018-06-07,0.30,0.30,0.30,0.30,15498
2018-06-15,0.30,0.30,0.29,0.30,10172
2018-07-20,0.30,0.30,0.30,0.30,32
2018-07-30,0.29,0.29,0.29,0.29,591
2018-07-31,0.29,0.29,0.29,0.29,688
2018-08-03,0.29,0.29,0.29,0.29,205
2018-08-07,0.29,0.29,0.29,0.29,41
2018-08-09,0.29,0.29,0.29,0.29,41
2018-08-10,0.29,0.29,0.29,0.29,41
2018-08-13,0.29,0.29,0.29,0.29,10028
2018-08-14,0.29,0.29,0.29,0.29,47
2018-08-16,0.29,0.29,0.29,0.29,6
2018-08-17,0.29,0.29,0.29,0.29,108
2018-08-20,0.29,0.29,0.29,0.29,1761
2018-08-21,0.29,0.29,0.29,0.29,2244
2018-08-23,0.29,0.29,0.29,0.29,41
2018-08-24,0.29,0.29,0.29,0.29,41
2018-08-27,0.29,0.29,0.29,0.29,41
2018-08-28,0.29,0.29,0.29,0.29,41
2018-08-29,0.29,0.29,0.29,0.29,41
2018-08-30,0.29,0.29,0.29,0.29,41
2018-08-31,0.29,0.29,0.29,0.29,1377
2018-09-03,0.29,0.29,0.29,0.29,41
2018-09-04,0.29,0.29,0.29,0.29,41
2018-09-05,0.29,0.29,0.29,0.29,41
2018-09-06,0.29,0.29,0.29,0.29,41
2018-09-07,0.29,0.29,0.29,0.29,41
2018-09-10,0.29,0.29,0.29,0.29,41
2018-09-11,0.29,0.29,0.29,0.29,47
2018-09-12,0.29,0.29,0.29,0.29,6
2018-09-14,0.29,0.29,0.29,0.29,6
2018-09-18,0.29,0.29,0.29,0.29,41
2018-09-19,0.29,0.29,0.29,0.29,26
2018-09-21,0.29,0.29,0.28,0.28,4015
2018-09-24,0.28,0.28,0.28,0.28,41
2018-09-25,0.28,0.28,0.28,0.28,41
2018-09-26,0.28,0.28,0.28,0.28,6
2018-09-27,0.28,0.28,0.28,0.28,6
2018-09-28,0.28,0.28,0.28,0.28,13
2018-10-01,0.28,0.28,0.28,0.28,6
2018-10-03,0.28,0.28,0.28,0.28,6
2018-10-04,0.28,0.28,0.28,0.28,6
2018-10-05,0.28,0.28,0.28,0.28,6
2018-10-08,0.28,0.28,0.27,0.27,1761
2018-10-09,0.28,0.28,0.28,0.28,6
2018-10-10,0.28,0.28,0.28,0.28,6
2018-10-11,0.28,0.28,0.28,0.28,41
2018-10-12,0.28,0.28,0.28,0.28,47
2018-10-15,0.28,0.28,0.28,0.28,6
2018-10-16,0.28,0.28,0.28,0.28,41
2018-10-17,0.28,0.28,0.28,0.28,6
2018-10-19,0.28,0.28,0.28,0.28,8272
2018-10-22,0.28,0.28,0.28,0.28,6
2018-10-23,0.28,0.28,0.28,0.28,6
2018-10-24,0.28,0.28,0.28,0.28,6
2018-10-25,0.28,0.28,0.28,0.28,6
2018-10-26,0.28,0.28,0.28,0.28,6
2018-10-29,0.28,0.28,0.28,0.28,6
2018-10-30,0.28,0.28,0.28,0.28,6
2018-10-31,0.28,0.28,0.27,0.28,2713
2018-11-01,0.27,0.27,0.27,0.27,2638
2018-11-02,0.27,0.27,0.27,0.27,6
2018-11-06,0.27,0.27,0.27,0.27,170
2018-11-13,0.27,0.27,0.27,0.27,6
2018-11-14,0.27,0.27,0.27,0.27,6
2018-11-15,0.27,0.27,0.27,0.27,6
2018-11-16,0.27,0.27,0.27,0.27,211
2018-11-19,0.27,0.27,0.27,0.27,6
2018-11-20,0.27,0.27,0.27,0.27,41
2018-11-21,0.27,0.27,0.27,0.27,41
2018-11-22,0.27,0.27,0.27,0.27,41
2018-11-26,0.27,0.27,0.27,0.27,3489
2018-11-27,0.27,0.27,0.27,0.27,142
2018-11-28,0.27,0.27,0.27,0.27,41
2018-11-29,0.27,0.27,0.27,0.27,41
2018-11-30,0.27,0.27,0.27,0.27,177
2018-12-03,0.27,0.27,0.26,0.26,95
2018-12-04,0.26,0.26,0.26,0.26,41
2018-12-05,0.26,0.26,0.26,0.26,41
2018-12-06,0.26,0.26,0.26,0.26,2795
2018-12-10,0.26,0.26,0.26,0.26,41
2018-12-11,0.26,0.26,0.26,0.26,41
2018-12-12,0.26,0.26,0.26,0.26,41
2018-12-13,0.26,0.26,0.26,0.26,6
2018-12-14,0.26,0.26,0.26,0.26,142
2018-12-17,0.26,0.26,0.26,0.26,19
2018-12-18,0.26,0.27,0.26,0.26,20774
2018-12-20,0.27,0.27,0.27,0.27,528
2018-12-21,0.28,0.28,0.28,0.28,11019
2018-12-26,0.28,0.28,0.28,0.28,556
2018-12-27,0.27,0.28,0.27,0.28,239
2018-12-28,0.29,0.29,0.28,0.28,13272
2018-12-31,0.27,0.27,0.27,0.27,3429
2019-01-01,0.27,0.27,0.27,0.27,32
2019-01-16,0.26,0.27,0.26,0.27,688
2019-01-18,0.27,0.27,0.26,0.27,6922
2019-01-31,0.26,0.26,0.26,0.26,14463
2019-02-01,0.25,0.25,0.25,0.25,13776
2019-02-04,0.25,0.25,0.25,0.25,927
2019-02-11,0.25,0.25,0.25,0.25,688
2019-02-14,0.25,0.25,0.25,0.25,0
2019-02-20,0.24,0.24,0.24,0.24,6
2019-03-07,0.23,0.24,0.23,0.23,2293
2019-03-08,0.23,0.23,0.23,0.23,349
2019-03-11,0.23,0.23,0.23,0.23,6267
2019-03-12,0.23,0.23,0.23,0.23,1519
2019-03-15,0.23,0.23,0.23,0.23,7575
2019-03-18,0.23,0.23,0.23,0.23,4250
2019-03-19,0.23,0.23,0.23,0.23,231
2019-03-20,0.23,0.23,0.23,0.23,1308
2019-03-22,0.23,0.23,0.23,0.23,1823
2019-03-25,0.23,0.23,0.23,0.23,32
2019-03-26,0.23,0.23,0.23,0.23,453
2019-03-27,0.23,0.23,0.23,0.23,817
2019-03-28,0.23,0.23,0.23,0.23,19
2019-03-29,0.23,0.23,0.23,0.23,170
2019-04-01,0.23,0.23,0.23,0.23,6888
2019-04-02,0.23,0.23,0.22,0.22,12433
2019-04-03,0.21,0.22,0.21,0.22,5944
2019-04-04,0.21,0.21,0.21,0.21,412
2019-04-05,0.20,0.20,0.20,0.20,1575
2019-04-08,0.20,0.20,0.20,0.20,3974
2019-04-09,0.19,0.19,0.19,0.19,82
2019-04-10,0.18,0.18,0.18,0.18,4131
2019-04-11,0.18,0.18,0.17,0.17,9815
2019-04-12,0.17,0.17,0.17,0.17,1086
2019-04-15,0.17,0.17,0.17,0.17,1472
2019-04-18,0.17,0.17,0.17,0.17,3442
2019-04-22,0.17,0.17,0.17,0.17,13
2019-05-10,0.17,0.17,0.17,0.17,60
2019-05-13,0.17,0.17,0.16,0.16,123
2019-05-14,0.15,0.15,0.15,0.15,3448
2019-05-16,0.15,0.15,0.15,0.15,142
2019-05-20,0.14,0.14,0.14,0.14,3442
2019-05-21,0.14,0.14,0.13,0.13,1933
2019-05-22,0.13,0.13,0.13,0.13,67
2019-05-23,0.13,0.13,0.13,0.13,1823
2019-05-24,0.12,0.12,0.12,0.12,688
2019-05-27,0.12,0.13,0.12,0.13,377
2019-05-29,0.13,0.13,0.13,0.13,73
2019-05-30,0.12,0.12,0.12,0.12,5336
2019-05-31,0.12,0.12,0.12,0.12,4819
2019-06-03,0.11,0.11,0.11,0.11,2065
2019-06-04,0.12,0.12,0.12,0.12,9028
2019-06-07,0.11,0.11,0.11,0.11,73
2019-06-10,0.12,0.12,0.10,0.10,3442
2019-06-11,0.09,0.09,0.09,0.09,190
2019-06-12,0.09,0.09,0.09,0.09,67
2019-06-27,0.09,0.09,0.09,0.09,1390
2019-07-01,0.09,0.09,0.09,0.09,6888
2019-07-02,0.09,0.09,0.09,0.09,32
2019-07-08,0.09,0.09,0.09,0.09,1377
2019-07-09,0.09,0.09,0.09,0.09,349
2019-07-10,0.08,0.08,0.08,0.08,6888
2019-07-11,0.07,0.07,0.07,0.07,6888
2019-07-12,0.07,0.07,0.07,0.07,6888
2019-07-15,0.06,0.06,0.06,0.06,7582
2019-07-16,0.06,0.06,0.06,0.06,6
2019-07-17,0.06,0.06,0.06,0.06,1377
2019-07-22,0.06,0.06,0.06,0.06,4131
2019-07-23,0.07,0.07,0.05,0.05,32856
2019-07-24,0.04,0.04,0.04,0.04,3297
2019-07-29,0.04,0.04,0.04,0.04,10119
2019-07-30,0.04,0.04,0.04,0.04,20864
2019-07-31,0.04,0.04,0.04,0.04,3683
2019-08-01,0.04,0.04,0.04,0.04,688
2019-08-02,0.04,0.04,0.04,0.04,1237
2019-08-05,0.04,0.04,0.04,0.04,20099
2019-08-06,0.04,0.04,0.04,0.04,688
2019-08-08,0.03,0.04,0.03,0.03,2897
2019-08-09,0.04,0.04,0.04,0.04,694
2019-08-13,0.04,0.04,0.03,0.04,18632
2019-08-14,0.04,0.04,0.04,0.04,6894
2019-08-19,0.04,0.04,0.04,0.04,82168
2019-08-20,0.03,0.03,0.03,0.03,1032
2019-08-21,0.04,0.04,0.04,0.04,73
2019-08-22,0.03,0.03,0.03,0.03,19
2019-08-23,0.03,0.03,0.03,0.03,18716
2019-08-26,0.02,0.02,0.02,0.02,73
2019-08-27,0.03,0.03,0.03,0.03,8953
2019-08-28,0.04,0.04,0.04,0.04,2321
2019-08-30,0.04,0.04,0.04,0.04,231
2019-09-04,0.04,0.04,0.04,0.04,72468
2019-09-06,0.04,0.05,0.04,0.05,2256
2019-09-09,0.05,0.06,0.05,0.06,18791
2019-09-13,0.06,0.06,0.06,0.06,688
2019-09-16,0.05,0.05,0.05,0.05,10166
2019-09-17,0.05,0.05,0.04,0.04,6888
2019-09-18,0.04,0.04,0.04,0.04,387224
2019-09-19,0.04,0.04,0.04,0.04,76388
2019-09-23,0.04,0.04,0.03,0.03,610
2019-09-24,0.02,0.02,0.02,0.02,7134
2019-09-25,0.02,0.03,0.02,0.03,20576
2019-09-26,0.03,0.04,0.03,0.04,4515
2019-09-30,0.04,0.04,0.03,0.03,10295
2019-10-03,0.04,0.04,0.04,0.04,942
2019-10-04,0.04,0.04,0.04,0.04,688
2019-10-07,0.04,0.04,0.04,0.04,14140
2019-10-09,0.05,0.05,0.05,0.05,6888
2019-10-10,0.05,0.05,0.04,0.04,14601
2019-10-11,0.04,0.04,0.04,0.04,198
2019-10-14,0.04,0.04,0.04,0.04,1349
2019-10-15,0.04,0.04,0.04,0.04,6888
2019-10-16,0.04,0.04,0.04,0.04,26272
2019-10-22,0.04,0.04,0.04,0.04,67
2019-10-24,0.04,0.04,0.04,0.04,6
2019-10-31,0.04,0.04,0.04,0.04,1377
2019-11-01,0.03,0.03,0.03,0.03,522
2019-11-04,0.03,0.03,0.03,0.03,1032
2019-11-05,0.04,0.04,0.04,0.04,2127
2019-11-06,0.04,0.04,0.04,0.04,377
2019-11-07,0.04,0.04,0.04,0.04,5653
2019-11-08,0.03,0.03,0.03,0.03,927
2019-11-11,0.03,0.03,0.03,0.03,170
2019-11-18,0.04,0.04,0.04,0.04,137774
2019-11-19,0.04,0.04,0.03,0.04,5269
2019-11-20,0.04,0.04,0.04,0.04,135376
2019-11-21,0.04,0.05,0.04,0.05,5035
2019-11-22,0.04,0.05,0.04,0.04,24847
2019-11-25,0.04,0.04,0.04,0.04,6
2019-11-26,0.04,0.04,0.04,0.04,4496
2019-11-27,0.04,0.04,0.04,0.04,5440
2019-11-28,0.04,0.04,0.04,0.04,1726
2019-12-02,0.04,0.04,0.04,0.04,6591
2019-12-03,0.05,0.05,0.04,0.05,95992
2019-12-04,0.04,0.04,0.04,0.04,300
2019-12-06,0.05,0.05,0.04,0.04,7575
2019-12-09,0.05,0.05,0.05,0.05,5944
2019-12-10,0.04,0.05,0.04,0.05,2362
2019-12-11,0.04,0.04,0.04,0.04,27560
2019-12-12,0.04,0.04,0.04,0.04,136
2019-12-13,0.04,0.04,0.04,0.04,522
2019-12-16,0.04,0.04,0.04,0.04,5392
2019-12-17,0.04,0.05,0.04,0.05,102615
2019-12-18,0.04,0.04,0.04,0.04,290215
2019-12-19,0.05,0.05,0.04,0.05,273484
2019-12-20,0.05,0.05,0.04,0.04,70326
2019-12-23,0.04,0.05,0.04,0.05,209652
2019-12-24,0.05,0.05,0.04,0.05,143554
2019-12-26,0.04,0.06,0.04,0.04,269122
2019-12-27,0.04,0.05,0.04,0.05,12591
2019-12-30,0.04,0.05,0.04,0.05,311598
2019-12-31,0.04,0.05,0.04,0.04,15910
2020-01-01,0.04,0.05,0.04,0.05,54380
2020-01-02,0.04,0.06,0.04,0.04,92390
2020-01-03,0.04,0.04,0.04,0.04,123
2020-01-06,0.04,0.05,0.04,0.04,41433
2020-01-07,0.04,0.05,0.04,0.05,111046
2020-01-08,0.05,0.05,0.05,0.05,2209
2020-01-09,0.05,0.05,0.05,0.05,54750
2020-01-10,0.04,0.06,0.04,0.06,44425
2020-01-13,0.05,0.07,0.05,0.07,17392
2020-01-14,0.07,0.07,0.06,0.06,6213
2020-01-15,0.05,0.06,0.05,0.05,16104
2020-01-16,0.06,0.06,0.05,0.06,48026
2020-01-17,0.06,0.06,0.06,0.06,7996
2020-01-20,0.07,0.07,0.07,0.07,13776
2020-01-21,0.07,0.07,0.07,0.07,6
2020-01-22,0.07,0.07,0.07,0.07,114
2020-01-23,0.07,0.07,0.07,0.07,36121
2020-01-24,0.07,0.08,0.07,0.08,2140
2020-01-27,0.09,0.09,0.09,0.09,10358
2020-01-28,0.09,0.09,0.09,0.09,5170
2020-01-29,0.09,0.09,0.08,0.08,37528
2020-01-30,0.09,0.09,0.07,0.08,3119
2020-01-31,0.07,0.07,0.07,0.07,2235
2020-02-01,0.07,0.07,0.07,0.07,694
2020-02-03,0.08,0.08,0.07,0.07,15065
2020-02-04,0.08,0.08,0.07,0.08,5703
2020-02-05,0.09,0.09,0.08,0.09,8823
2020-02-06,0.09,0.09,0.08,0.09,29591
2020-02-07,0.09,0.09,0.08,0.08,27567
2020-02-10,0.07,0.09,0.07,0.09,38244
2020-02-12,0.09,0.09,0.09,0.09,73
2020-02-13,0.09,0.09,0.08,0.09,9724
2020-02-14,0.09,0.09,0.09,0.09,19
2020-02-17,0.09,0.09,0.08,0.08,19
2020-02-18,0.09,0.09,0.09,0.09,6688
2020-02-20,0.09,0.09,0.09,0.09,1823
2020-02-25,0.09,0.09,0.09,0.09,6
2020-02-26,0.09,0.09,0.09,0.09,1444
2020-03-02,0.09,0.09,0.09,0.09,5509
2020-03-03,0.09,0.09,0.09,0.09,108
2020-03-04,0.09,0.10,0.09,0.09,4703
2020-03-09,0.09,0.09,0.09,0.09,95
2020-03-11,0.09,0.09,0.09,0.09,694
2020-03-12,0.09,0.09,0.09,0.09,170
2020-03-16,0.08,0.08,0.08,0.08,139098
2020-03-18,0.07,0.07,0.07,0.07,6
2020-03-19,0.07,0.07,0.07,0.07,13
2020-03-23,0.07,0.07,0.07,0.07,67
2020-03-24,0.08,0.08,0.08,0.08,35821
2020-03-26,0.07,0.08,0.07,0.08,2065
2020-03-31,0.08,0.08,0.07,0.08,26
2020-04-01,0.08,0.08,0.08,0.08,6
2020-04-07,0.08,0.08,0.07,0.07,54543
2020-04-08,0.07,0.07,0.07,0.07,16530
2020-04-09,0.07,0.07,0.07,0.07,42041
2020-04-15,0.07,0.07,0.07,0.07,1459
2020-04-16,0.07,0.07,0.07,0.07,11026
2020-04-17,0.07,0.07,0.07,0.07,343
2020-04-20,0.07,0.07,0.07,0.07,17289
2020-04-22,0.06,0.06,0.06,0.06,343
2020-04-23,0.06,0.06,0.06,0.06,6198
2020-04-24,0.06,0.06,0.06,0.06,3442
2020-04-27,0.06,0.06,0.06,0.06,991
2020-04-29,0.06,0.06,0.06,0.06,6888
2020-05-04,0.06,0.06,0.06,0.06,688
2020-05-07,0.06,0.06,0.06,0.06,6
2020-05-28,0.05,0.05,0.05,0.05,68886
2020-06-01,0.04,0.04,0.04,0.04,47
2020-06-09,0.04,0.04,0.04,0.04,688
2020-06-10,0.04,0.04,0.04,0.04,349
2020-06-11,0.04,0.04,0.04,0.04,181339
2020-06-22,0.05,0.05,0.05,0.05,453
2020-06-23,0.06,0.06,0.06,0.06,3166
2020-06-26,0.07,0.07,0.07,0.07,218
2020-06-29,0.07,0.07,0.07,0.07,170
2020-06-30,0.08,0.08,0.08,0.08,500
2020-07-01,0.09,0.09,0.09,0.09,6888
2020-07-02,0.09,0.09,0.09,0.09,161966
2020-07-03,0.10,0.10,0.10,0.10,709
2020-07-06,0.11,0.11,0.11,0.11,1377
2020-07-07,0.12,0.12,0.12,0.12,11295
2020-07-08,0.12,0.12,0.12,0.12,10978
2020-07-09,0.12,0.13,0.12,0.13,261971
2020-07-10,0.13,0.14,0.13,0.14,108688
2020-07-13,0.14,0.15,0.14,0.15,45009
2020-07-14,0.15,0.15,0.15,0.15,54619
2020-07-15,0.16,0.16,0.16,0.16,236951
2020-07-16,0.17,0.17,0.17,0.17,169524
2020-07-17,0.17,0.17,0.17,0.17,13616
2020-07-20,0.18,0.18,0.18,0.18,62293
2020-07-21,0.19,0.19,0.19,0.19,12054
2020-07-22,0.20,0.20,0.20,0.20,2754
2020-07-23,0.20,0.20,0.20,0.20,381866
2020-07-24,0.21,0.21,0.20,0.21,188964
2020-07-27,0.22,0.22,0.22,0.22,142253
2020-07-28,0.23,0.23,0.23,0.23,47123
2020-07-29,0.23,0.23,0.23,0.23,16922
2020-07-30,0.24,0.24,0.24,0.24,10759
2020-07-31,0.25,0.25,0.25,0.25,7362
2020-08-03,0.25,0.25,0.25,0.25,31597
2020-08-04,0.26,0.26,0.26,0.26,54597
2020-08-05,0.27,0.27,0.27,0.27,14080
2020-08-06,0.28,0.28,0.28,0.28,37948
2020-08-07,0.28,0.28,0.28,0.28,55961
2020-08-10,0.29,0.29,0.29,0.29,43349
2020-08-11,0.30,0.30,0.29,0.30,436280
2020-08-12,0.32,0.32,0.32,0.32,42259
2020-08-13,0.33,0.33,0.32,0.33,37933
2020-08-14,0.35,0.35,0.35,0.35,85309
2020-08-17,0.36,0.36,0.36,0.36,43798
2020-08-18,0.36,0.38,0.36,0.38,33683
2020-08-19,0.39,0.39,0.39,0.39,25362
2020-08-20,0.41,0.41,0.41,0.41,189522
2020-08-21,0.42,0.42,0.42,0.42,9946
2020-08-24,0.44,0.44,0.44,0.44,11390
2020-08-25,0.46,0.46,0.46,0.46,53765
2020-08-26,0.48,0.48,0.44,0.44,50287
2020-08-27,0.41,0.41,0.41,0.41,2065
2020-08-31,0.40,0.40,0.40,0.40,9297
2020-09-11,0.38,0.38,0.38,0.38,4543
2020-09-17,0.37,0.37,0.37,0.37,13776
2020-10-14,0.36,0.36,0.36,0.36,343
2020-10-16,0.34,0.34,0.34,0.34,6894
2020-10-19,0.33,0.33,0.33,0.33,3078
2020-10-20,0.31,0.31,0.31,0.31,170
2020-10-23,0.30,0.30,0.30,0.30,13636
2020-10-26,0.28,0.28,0.28,0.28,3200
2020-10-27,0.28,0.28,0.28,0.28,349
2020-10-28,0.27,0.27,0.27,0.27,1726
2020-10-29,0.26,0.26,0.26,0.26,211
2020-10-30,0.25,0.25,0.25,0.25,1450
2020-11-02,0.25,0.25,0.25,0.25,418
2020-11-03,0.24,0.24,0.24,0.24,170
2020-11-04,0.23,0.23,0.23,0.23,170
2020-11-05,0.23,0.23,0.23,0.23,2168
2020-11-06,0.22,0.22,0.22,0.22,1032
2020-11-09,0.21,0.21,0.21,0.21,534
2020-11-13,0.21,0.21,0.20,0.20,13713
2020-11-14,0.20,0.20,0.20,0.20,4593
2020-11-17,0.19,0.19,0.19,0.19,244322
2020-11-18,0.18,0.18,0.18,0.18,2754
2020-11-19,0.17,0.17,0.17,0.17,150229
2020-11-20,0.17,0.17,0.17,0.17,18330
2020-11-23,0.16,0.16,0.16,0.16,7825
2020-11-24,0.15,0.15,0.15,0.15,42007
2020-11-25,0.15,0.15,0.15,0.15,33043
2020-11-26,0.15,0.15,0.14,0.14,74410
2020-11-27,0.13,0.15,0.13,0.13,480931
2020-12-01,0.13,0.14,0.13,0.14,25741
2020-12-02,0.15,0.15,0.15,0.15,14347
2020-12-03,0.15,0.15,0.15,0.15,14651
2020-12-04,0.16,0.16,0.16,0.16,48067
2020-12-07,0.17,0.17,0.17,0.17,4634
2020-12-08,0.17,0.17,0.17,0.17,3642
2020-12-09,0.18,0.18,0.18,0.18,14532
2020-12-10,0.19,0.19,0.19,0.19,195206
2020-12-11,0.20,0.20,0.20,0.20,17757
2020-12-14,0.20,0.20,0.20,0.20,28166
2020-12-15,0.21,0.21,0.21,0.21,25487
2020-12-16,0.22,0.22,0.22,0.22,9696
2020-12-17,0.23,0.23,0.23,0.23,28649
2020-12-18,0.23,0.23,0.23,0.23,61246
2020-12-21,0.24,0.24,0.23,0.23,56927
2020-12-22,0.23,0.23,0.23,0.23,15670
2020-12-23,0.23,0.23,0.23,0.23,32748
2020-12-24,0.23,0.23,0.23,0.23,13810
2020-12-28,0.23,0.23,0.22,0.22,2409
2020-12-29,0.22,0.22,0.21,0.21,25500
2020-12-30,0.20,0.20,0.20,0.20,80770
2020-12-31,0.20,0.20,0.20,0.20,100602
2021-01-01,0.20,0.21,0.20,0.21,12468
2021-01-04,0.21,0.22,0.20,0.22,157117
2021-01-05,0.22,0.22,0.21,0.21,6522
2021-01-06,0.22,0.22,0.20,0.20,53220
2021-01-07,0.20,0.21,0.20,0.21,126449
2021-01-08,0.21,0.22,0.21,0.21,61438
2021-01-11,0.21,0.22,0.20,0.22,158701
2021-01-12,0.23,0.23,0.21,0.22,146309
2021-01-13,0.23,0.23,0.21,0.21,163848
2021-01-14,0.21,0.22,0.20,0.20,31830
2021-01-15,0.21,0.21,0.20,0.20,8823
2021-01-18,0.21,0.21,0.21,0.21,8968
2021-01-19,0.22,0.22,0.21,0.22,31142
2021-01-20,0.21,0.22,0.21,0.22,12095
2021-01-21,0.22,0.22,0.21,0.21,8485
2021-01-22,0.21,0.21,0.20,0.20,36496
2021-01-25,0.20,0.20,0.20,0.20,6
2021-01-27,0.20,0.20,0.20,0.20,1459
2021-01-28,0.19,0.19,0.19,0.19,12845
2021-01-29,0.19,0.19,0.18,0.18,64718
2021-02-01,0.18,0.18,0.17,0.17,161216
2021-02-02,0.17,0.18,0.17,0.18,71291
2021-02-03,0.18,0.19,0.17,0.19,103459
2021-02-04,0.19,0.20,0.18,0.18,68623
2021-02-05,0.19,0.19,0.19,0.19,16627
2021-02-08,0.20,0.20,0.20,0.20,24446
2021-02-09,0.20,0.20,0.20,0.20,57382
2021-02-10,0.20,0.21,0.20,0.21,12716
2021-02-11,0.22,0.22,0.22,0.22,12183
2021-02-12,0.23,0.23,0.23,0.23,2140
2021-02-15,0.23,0.23,0.23,0.23,41433
2021-02-16,0.24,0.24,0.24,0.24,165039
2021-02-17,0.25,0.25,0.25,0.25,2362
2021-02-18,0.25,0.25,0.25,0.25,18371
2021-02-19,0.26,0.26,0.26,0.26,14328
2021-02-22,0.27,0.27,0.25,0.27,291215
2021-02-23,0.28,0.28,0.28,0.28,113037
2021-02-24,0.28,0.28,0.28,0.28,3248
2021-02-25,0.28,0.29,0.28,0.29,113166
2021-02-26,0.28,0.30,0.28,0.30,40718
2021-03-01,0.31,0.31,0.30,0.31,3071
2021-03-02,0.31,0.33,0.30,0.33,116625
2021-03-03,0.33,0.34,0.33,0.34,45920
2021-03-04,0.36,0.36,0.33,0.36,146673
2021-03-05,0.37,0.37,0.34,0.36,23860
2021-03-08,0.36,0.38,0.35,0.38,21455
2021-03-09,0.39,0.39,0.38,0.39,175195
2021-03-10,0.41,0.41,0.41,0.41,55108
2021-03-12,0.42,0.42,0.42,0.42,106656
2021-03-15,0.44,0.44,0.44,0.44,104666
2021-03-16,0.44,0.46,0.44,0.46,334585
2021-03-17,0.48,0.48,0.48,0.48,491205
2021-03-18,0.50,0.50,0.50,0.50,102731
2021-03-19,0.52,0.52,0.52,0.52,227816
2021-03-22,0.54,0.54,0.54,0.54,200143
2021-03-23,0.57,0.57,0.54,0.57,576334
2021-03-24,0.59,0.59,0.59,0.59,58401
2021-03-30,0.62,0.62,0.58,0.58,452888
2021-04-05,0.61,0.61,0.61,0.61,134281
2021-04-12,0.64,0.64,0.64,0.64,132869
2021-04-19,0.64,0.64,0.64,0.64,48701
2021-04-26,0.64,0.64,0.64,0.64,11584
2021-05-03,0.64,0.64,0.64,0.64,111375
2021-05-10,0.67,0.67,0.61,0.61,336654
2021-05-17,0.61,0.61,0.58,0.61,26918
2021-05-24,0.60,0.61,0.58,0.60,95759
2021-05-31,0.60,0.60,0.60,0.60,688
2021-06-07,0.60,0.60,0.60,0.60,688
2021-06-14,0.60,0.62,0.60,0.60,129783
2021-06-21,0.62,0.62,0.60,0.60,65442
2021-07-05,0.62,0.62,0.57,0.57,35330
2021-07-12,0.54,0.57,0.54,0.54,72330
2021-07-14,0.54,0.57,0.52,0.57,96867
2021-07-15,0.57,0.59,0.57,0.59,146848
2021-07-16,0.61,0.62,0.61,0.62,113623
2021-07-19,0.65,0.65,0.65,0.65,156279
2021-07-26,0.65,0.68,0.65,0.68,356816
2021-08-02,0.68,0.68,0.68,0.68,346200
2021-08-09,0.68,0.68,0.67,0.68,424347
2021-08-16,0.68,0.68,0.68,0.68,449767
2021-08-23,0.68,0.68,0.65,0.68,323846
2021-08-30,0.68,0.68,0.68,0.68,108145
2021-09-06,0.68,0.68,0.68,0.68,168255
2021-09-13,0.68,0.68,0.68,0.68,6233
2021-09-20,0.70,0.70,0.70,0.70,89367
2021-09-27,0.70,0.70,0.70,0.70,40140
2021-10-04,0.70,0.70,0.68,0.70,233094
2021-10-11,0.70,0.70,0.67,0.67,41744
2021-10-18,0.64,0.65,0.64,0.65,7996
2021-10-25,0.65,0.65,0.65,0.65,1377
2021-11-01,0.65,0.65,0.65,0.65,41951
2021-11-15,0.68,0.68,0.68,0.68,91619
2021-11-22,0.65,0.65,0.65,0.65,3442
2021-12-06,0.65,0.65,0.62,0.62,14526
2021-12-13,0.62,0.65,0.60,0.65,88354
2021-12-15,0.64,0.65,0.63,0.63,72007
2021-12-20,0.66,0.66,0.61,0.62,27229
2021-12-27,0.61,0.65,0.61,0.65,22731
2022-01-03,0.68,0.68,0.68,0.68,16524
2022-01-10,0.71,0.71,0.71,0.71,22938
2022-01-17,0.74,0.74,0.74,0.74,10614
2022-01-24,0.74,0.74,0.74,0.74,5681
2022-01-31,0.74,0.74,0.74,0.74,1946
2022-02-07,0.74,0.74,0.74,0.74,711
2022-02-14,0.74,0.74,0.74,0.74,1168
2022-02-21,0.74,0.74,0.74,0.74,168
2022-02-28,0.74,0.74,0.74,0.74,7759
2022-03-07,0.74,0.74,0.74,0.74,29826
2022-03-14,0.74,0.74,0.74,0.74,4591
2022-03-21,0.76,0.76,0.76,0.76,170
2022-03-28,0.78,0.78,0.78,0.78,5308
2022-04-04,0.81,0.81,0.81,0.81,19640
2022-04-11,0.81,0.81,0.81,0.81,9134
2022-04-18,0.81,0.81,0.81,0.81,399
2022-04-25,0.81,0.81,0.81,0.81,1032
2022-05-02,0.81,0.81,0.81,0.81,228
2022-05-09,0.85,0.85,0.85,0.85,5328
2022-05-16,0.85,0.85,0.85,0.85,32
2022-05-23,0.85,0.85,0.83,0.85,67927
2022-05-30,0.85,0.85,0.83,0.85,48306
2022-06-06,0.85,0.85,0.83,0.83,74069
2022-06-13,0.83,0.85,0.83,0.85,229604
2022-06-20,0.85,0.85,0.85,0.85,1373
2022-06-21,0.88,0.88,0.88,0.88,487
2022-06-22,0.90,0.90,0.90,0.90,707
2022-06-23,0.92,0.92,0.92,0.92,108
2022-06-24,0.97,0.97,0.97,0.97,173779
2022-06-27,1.01,1.01,1.01,1.01,108
2022-06-28,1.06,1.06,1.06,1.06,220
2022-06-29,1.11,1.11,1.11,1.11,141453
2022-06-30,1.15,1.15,1.15,1.15,23466
2022-07-01,1.20,1.20,1.20,1.20,256281
2022-07-04,1.24,1.24,1.24,1.24,239057
2022-07-05,1.29,1.29,1.29,1.29,236954
2022-07-06,1.34,1.34,1.34,1.34,58806
2022-07-07,1.38,1.38,1.38,1.38,26384
2022-07-08,1.45,1.45,1.45,1.45,681220
2022-07-11,1.52,1.52,1.52,1.52,770188
2022-07-12,1.59,1.59,1.59,1.59,193671
2022-07-13,1.66,1.66,1.66,1.66,577541
2022-07-14,1.73,1.73,1.73,1.73,1062806
2022-07-15,1.80,1.80,1.80,1.80,1160589
2022-07-18,1.87,1.87,1.87,1.87,1686416
2022-07-19,1.96,1.96,1.96,1.96,9629
2022-07-20,2.05,2.05,2.05,2.05,26985
2022-07-21,2.14,2.14,2.14,2.14,1874531
2022-07-22,2.24,2.24,2.24,2.24,1268996
2022-07-25,2.33,2.33,2.33,2.33,360525
2022-07-26,2.44,2.44,2.44,2.44,221425
2022-07-27,2.56,2.56,2.56,2.56,1147537
2022-07-28,2.67,2.67,2.67,2.67,1067612
2022-07-29,2.79,2.79,2.79,2.79,357288
2022-08-01,2.93,2.93,2.93,2.93,978094
2022-08-02,3.07,3.07,2.79,2.79,36924113
2022-08-03,2.65,2.93,2.65,2.81,13255107
2022-08-04,2.93,2.95,2.90,2.95,6281126
2022-08-05,3.09,3.09,3.02,3.07,16134338
2022-08-08,3.18,3.18,2.93,2.93,9169830
2022-08-10,2.79,3.04,2.79,2.93,4205732
2022-08-11,2.97,3.07,2.81,3.04,1953544
2022-08-12,3.11,3.16,2.90,3.11,2940236
2022-08-16,3.23,3.25,3.13,3.23,2913180
2022-08-17,3.39,3.39,3.23,3.39,4246866
2022-08-18,3.48,3.55,3.48,3.55,10382673
2022-08-19,3.62,3.71,3.62,3.71,6068513
2022-08-22,3.89,3.89,3.87,3.89,10389768
2022-08-23,3.99,4.08,3.96,4.08,9001150
2022-08-24,4.08,4.19,3.89,3.89,986487
2022-08-25,3.71,3.71,3.71,3.71,227686
2022-08-26,3.53,3.53,3.53,3.53,240977
2022-08-29,3.36,3.36,3.36,3.36,208266
2022-08-30,3.20,3.53,3.20,3.50,10478499
2022-09-01,3.34,3.53,3.34,3.34,5662174
2022-09-02,3.18,3.18,3.18,3.18,1588082
2022-09-05,3.04,3.16,3.04,3.04,3061012
2022-09-06,2.90,3.18,2.90,2.90,1554273
2022-09-07,2.77,3.04,2.77,3.04,3059355
2022-09-08,3.16,3.16,2.90,3.02,1953180
2022-09-09,3.04,3.04,2.88,3.02,1533263
2022-09-12,3.00,3.07,2.88,3.00,2098426
2022-09-13,2.95,2.95,2.86,2.86,785001
2022-09-14,2.72,2.86,2.72,2.81,2063879
2022-09-15,2.81,2.86,2.79,2.79,1769966
2022-09-16,2.86,2.86,2.65,2.65,1290693
2022-09-19,2.70,2.77,2.54,2.72,1563017
2022-09-20,2.83,2.83,2.65,2.79,1413697
2022-09-21,2.90,2.90,2.70,2.88,1615026
2022-09-22,3.02,3.02,2.81,2.90,1621194
2022-09-23,3.04,3.04,2.86,2.97,1778363
2022-09-26,2.95,3.09,2.83,2.83,945454
2022-09-27,2.74,2.90,2.70,2.70,1964704
2022-09-28,2.60,2.77,2.58,2.70,1199082
2022-09-29,2.77,2.81,2.70,2.77,670421
2022-09-30,2.81,2.86,2.77,2.81,434392
2022-10-03,2.86,2.88,2.74,2.77,650686
2022-10-04,2.83,2.90,2.79,2.90,1747063
2022-10-06,2.97,3.00,2.79,2.83,3212509
2022-10-07,2.86,2.86,2.72,2.74,392836
2022-10-10,2.63,2.79,2.54,2.72,1944512
2022-10-11,2.65,2.97,2.47,2.51,3359347
2022-10-12,2.58,2.74,2.58,2.74,6841825
2022-10-13,2.65,2.86,2.60,2.79,11291754
2022-10-14,2.88,2.88,2.67,2.79,1384467
2022-10-17,2.72,2.86,2.72,2.81,9118310
2022-10-18,2.79,2.86,2.72,2.74,640046
2022-10-19,2.74,2.79,2.70,2.74,3522462
2022-10-20,2.79,2.79,2.70,2.72,769738
2022-10-21,2.77,2.77,2.65,2.72,1314816
2022-10-24,2.77,2.77,2.60,2.67,933493
2022-10-25,2.74,2.74,2.54,2.65,1601455
2022-10-27,2.67,2.67,2.56,2.63,1226725
2022-10-28,2.67,2.67,2.56,2.58,732240
2022-10-31,2.65,2.67,2.49,2.56,1168513
2022-11-01,2.56,2.60,2.51,2.54,787628
2022-11-02,2.56,2.58,2.42,2.51,1604235
2022-11-03,2.51,2.63,2.51,2.54,2109881
2022-11-04,2.58,2.79,2.54,2.74,2789257
2022-11-07,2.88,2.97,2.72,2.88,1684418
2022-11-09,2.86,3.16,2.77,3.07,6938465
2022-11-10,3.20,3.20,2.97,3.13,4831149
2022-11-11,3.18,3.27,3.13,3.23,5832689
2022-11-14,3.30,3.30,3.07,3.18,4175310
2022-11-15,3.09,3.30,3.04,3.25,5602947
2022-11-16,3.18,3.41,3.18,3.39,4392955
2022-11-17,3.55,3.55,3.55,3.55,858794
2022-11-18,3.71,3.71,3.71,3.71,1268052
2022-11-21,3.87,3.90,3.53,3.85,5452856
2022-11-22,3.92,3.94,3.67,3.83,1977542
2022-11-23,3.76,3.83,3.64,3.76,1265182
2022-11-24,3.74,3.78,3.67,3.76,6290926
2022-11-25,3.94,3.94,3.69,3.85,2174873
2022-11-28,3.85,4.04,3.71,4.01,3782832
2022-11-29,4.20,4.20,4.13,4.20,2080732
2022-12-05,3.99,3.99,3.99,3.99,4310
2022-12-12,3.80,3.80,3.80,3.80,5797
2022-12-13,3.62,3.97,3.62,3.94,3161230
2022-12-14,3.92,4.04,3.76,3.99,7495717
2022-12-15,4.04,4.13,3.97,4.01,711024
2022-12-16,4.15,4.18,4.04,4.08,461873
2022-12-19,4.22,4.22,4.15,4.18,1971036
2022-12-20,4.38,4.38,4.13,4.20,1080619
2022-12-21,4.32,4.32,3.99,3.99,1075584
2022-12-22,3.94,3.97,3.80,3.80,726563
2022-12-23,3.67,3.92,3.62,3.85,3956628
2022-12-26,3.67,4.04,3.67,3.78,1225188
2022-12-27,3.85,3.85,3.60,3.60,571386
2022-12-28,3.43,3.53,3.43,3.43,1656037
2022-12-29,3.41,3.41,3.27,3.27,1009789
2022-12-30,3.11,3.36,3.11,3.20,497105
2023-01-02,3.22,3.22,3.09,3.16,638140
2023-01-03,3.16,3.25,3.11,3.18,494248
2023-01-04,3.27,3.27,3.06,3.13,2579840
2023-01-05,3.13,3.18,3.06,3.09,338715
2023-01-06,3.09,3.11,2.95,3.02,391269
2023-01-09,3.13,3.16,3.04,3.16,331646
2023-01-10,3.25,3.29,3.25,3.29,703205
2023-01-11,3.41,3.46,3.39,3.46,413051
2023-01-12,3.55,3.55,3.29,3.29,530293
2023-01-13,3.16,3.29,3.16,3.22,185184
2023-01-16,3.27,3.36,3.13,3.36,940765
2023-01-17,3.41,3.53,3.27,3.53,603397
2023-01-18,3.62,3.69,3.55,3.69,1776171
2023-01-19,3.78,3.85,3.67,3.78,1311244
2023-01-20,3.78,3.83,3.67,3.71,542642
2023-01-23,3.90,3.90,3.83,3.90,2514928
2023-01-24,3.99,4.08,3.90,3.99,1359602
2023-01-25,4.06,4.06,3.87,3.94,2805244
2023-01-27,3.85,3.99,3.76,3.76,809650
2023-01-30,3.71,3.87,3.57,3.57,1411109
2023-01-31,3.48,3.64,3.41,3.57,532614
2023-02-01,3.60,3.67,3.41,3.41,1289645
2023-02-02,3.36,3.57,3.25,3.55,731410
2023-02-03,3.62,3.64,3.41,3.60,525668
2023-02-06,3.67,3.67,3.46,3.48,135307
2023-02-07,3.48,3.64,3.32,3.48,568254
2023-02-08,3.48,3.50,3.32,3.46,705184
2023-02-09,3.46,3.46,3.29,3.36,644959
2023-02-10,3.29,3.39,3.20,3.32,462866
2023-02-13,3.27,3.32,3.18,3.27,7704966
2023-02-14,3.34,3.34,3.20,3.25,126309
2023-02-15,3.25,3.25,3.09,3.20,141106
2023-02-16,3.25,3.27,3.13,3.25,121824
2023-02-17,3.27,3.41,3.27,3.41,6578031
2023-02-20,3.50,3.57,3.50,3.57,2041825
2023-02-21,3.74,3.74,3.64,3.74,2974566
2023-02-22,3.71,3.90,3.55,3.83,1743718
2023-02-23,3.85,3.94,3.69,3.74,847577
2023-02-24,3.78,3.90,3.55,3.55,762156
2023-02-27,3.55,3.67,3.41,3.43,428101
2023-02-28,3.41,3.43,3.27,3.29,447832
2023-03-01,3.32,3.39,3.20,3.29,386370
2023-03-02,3.29,3.46,3.16,3.46,1405508
2023-03-03,3.55,3.62,3.46,3.57,3699989
2023-03-06,3.62,3.74,3.48,3.71,2651825
2023-03-08,3.76,3.87,3.71,3.80,8857766
2023-03-09,3.90,3.90,3.67,3.71,5188129
2023-03-10,3.67,3.71,3.55,3.60,468836
2023-03-13,3.64,3.64,3.43,3.46,998547
2023-03-14,3.46,3.48,3.29,3.29,886219
2023-03-15,3.25,3.43,3.25,3.29,576416
2023-03-16,3.29,3.46,3.20,3.25,967252
2023-03-17,3.41,3.41,3.20,3.22,10195155
2023-03-20,3.32,3.34,3.18,3.22,648815
2023-03-21,3.27,3.32,3.25,3.27,247919
2023-03-22,3.34,3.34,3.20,3.25,254898
2023-03-23,3.29,3.29,3.11,3.13,508871
2023-03-24,3.11,3.20,2.99,3.02,5626201
2023-03-27,3.02,3.11,2.99,3.04,6710449
2023-03-28,3.11,3.11,2.90,2.90,4842580
2023-03-29,2.83,2.90,2.76,2.76,1190800
2023-03-31,2.76,2.85,2.64,2.81,9752746
2023-04-03,2.88,2.95,2.81,2.95,9286432
2023-04-05,3.04,3.09,2.95,3.09,5234273
2023-04-06,3.09,3.22,3.04,3.18,1084987
2023-04-10,3.22,3.27,3.02,3.02,1103793
2023-04-11,3.02,3.09,2.95,2.97,6853331
2023-04-12,3.02,3.11,2.81,3.09,4525387
2023-04-13,3.11,3.16,2.92,2.95,476564
2023-04-17,2.92,3.11,2.92,3.04,1527724
2023-04-18,3.20,3.20,2.90,3.02,283904
2023-04-19,3.09,3.11,2.95,2.99,355622
2023-04-20,3.04,3.06,2.95,2.97,189471
2023-04-21,3.04,3.04,2.81,2.85,2706407
2023-04-24,2.88,3.02,2.85,2.97,1712244
2023-04-25,3.04,3.09,2.95,2.99,564761
2023-04-26,3.06,3.20,2.97,3.04,5779573
2023-04-27,3.09,3.09,2.92,2.95,339493
2023-04-28,3.04,3.04,2.95,2.95,366372
2023-05-02,3.13,3.22,3.06,3.22,2615269
2023-05-03,3.41,3.53,3.25,3.46,14606888
2023-05-04,3.48,3.78,3.29,3.67,5441813
2023-05-05,3.74,3.94,3.48,3.62,2029273
2023-05-08,3.64,3.74,3.43,3.50,1328893
2023-05-09,3.50,3.60,3.29,3.34,6336495
2023-05-10,3.32,3.39,3.18,3.22,5716820
2023-05-11,3.27,3.29,3.13,3.16,823314
2023-05-12,3.16,3.46,3.11,3.46,7454989
2023-05-15,3.57,3.67,3.18,3.20,2687709
2023-05-16,3.25,3.32,3.22,3.25,5002746
2023-05-17,3.29,3.36,3.25,3.32,4872819
2023-05-18,3.41,3.48,3.25,3.27,5503235
2023-05-19,3.20,3.29,3.06,3.13,5507197
2023-05-22,3.20,3.32,3.11,3.16,1441708
2023-05-23,3.22,3.22,3.04,3.09,5113283
2023-05-24,3.18,3.20,3.06,3.11,4598012
2023-05-25,3.13,3.22,3.13,3.16,366715
2023-05-26,3.22,3.22,3.11,3.13,547093
2023-05-29,3.20,3.20,3.13,3.16,686190
2023-05-30,3.18,3.20,3.11,3.13,4775510
2023-05-31,3.11,3.18,3.09,3.13,5124262
2023-06-01,3.11,3.18,3.09,3.11,453991
2023-06-02,3.18,3.18,3.09,3.13,739550
2023-06-05,3.18,3.20,3.09,3.09,1023812
2023-06-06,3.18,3.29,3.11,3.22,2075457
2023-06-07,3.13,3.22,3.09,3.11,491280
2023-06-08,3.18,3.18,3.06,3.09,352560
2023-06-09,3.11,3.16,3.04,3.09,139548
2023-06-12,3.09,3.18,3.04,3.09,3566652
2023-06-13,3.11,3.16,3.02,3.06,2160297
2023-06-14,3.04,3.13,3.02,3.06,424107
2023-06-15,3.11,3.11,3.04,3.06,453860
2023-06-16,3.11,3.11,2.99,3.04,317689
2023-06-19,3.04,3.04,2.90,2.95,352391
2023-06-20,2.92,2.97,2.81,2.85,514819
2023-06-21,2.85,2.90,2.71,2.71,653259
2023-06-22,2.71,2.78,2.67,2.69,491077
2023-06-23,2.74,2.76,2.69,2.71,238341
2023-06-26,2.74,2.76,2.69,2.71,237615
2023-06-27,2.76,2.76,2.64,2.67,313381
2023-06-28,2.69,2.71,2.60,2.71,356700
2023-06-30,2.69,2.83,2.67,2.83,177755
2023-07-03,2.90,2.97,2.85,2.97,321195
2023-07-04,3.02,3.11,2.83,2.90,439041
2023-07-05,2.97,2.97,2.78,2.85,138854
2023-07-06,2.83,2.95,2.83,2.83,186876
2023-07-07,2.88,2.90,2.78,2.78,235169
2023-07-10,2.78,2.85,2.78,2.81,61873
2023-07-11,2.88,2.90,2.78,2.85,276242
2023-07-12,2.85,2.90,2.78,2.88,292570
2023-07-13,2.92,2.92,2.83,2.83,345372
2023-07-14,2.83,2.85,2.74,2.74,286081
2023-07-17,2.78,2.83,2.60,2.71,433286
2023-07-18,2.71,2.78,2.64,2.67,385818
2023-07-19,2.74,2.78,2.67,2.69,244124
2023-07-20,2.74,2.76,2.67,2.67,190268
2023-07-21,2.69,2.74,2.60,2.64,310551
2023-07-24,2.71,2.76,2.53,2.64,637078
2023-07-25,2.64,2.71,2.55,2.62,4137445
2023-07-26,2.67,2.67,2.55,2.64,4546671
2023-07-27,2.71,2.76,2.60,2.62,4193381
2023-07-28,2.53,2.71,2.53,2.67,375473
2023-07-31,2.78,2.78,2.78,2.78,6151641
2023-08-01,2.92,2.92,2.85,2.92,15852003
2023-08-02,3.06,3.06,3.02,3.06,11690137
2023-08-03,3.06,3.20,2.92,3.20,7147149
2023-08-04,3.16,3.16,3.16,3.16,557808
2023-08-07,3.11,3.11,3.11,3.11,374594
2023-08-08,3.06,3.06,3.06,3.06,221010
2023-08-09,3.02,3.02,3.02,3.02,211456
2023-08-10,2.97,2.97,2.97,2.97,115018
2023-08-11,2.92,2.92,2.92,2.92,178011
2023-08-14,2.88,2.88,2.88,2.88,111214
2023-08-16,2.83,2.83,2.83,2.83,102300
2023-08-17,2.78,2.78,2.78,2.78,179188
2023-08-18,2.74,2.74,2.74,2.74,159748
2023-08-21,2.69,2.69,2.69,2.69,120460
2023-08-22,2.64,2.64,2.64,2.64,161220
2023-08-23,2.60,2.60,2.60,2.60,181923
2023-08-24,2.55,2.55,2.55,2.55,291074
2023-08-25,2.51,2.51,2.51,2.51,268421
2023-08-28,2.46,2.55,2.46,2.55,2847139
2023-08-29,2.60,2.60,2.60,2.60,1701455
2023-08-30,2.64,2.64,2.64,2.64,713455
2023-08-31,2.69,2.69,2.69,2.69,280251
2023-09-01,2.74,2.74,2.74,2.74,579448
2023-09-04,2.78,2.78,2.78,2.78,665880
2023-09-05,2.78,2.78,2.74,2.74,647847
2023-09-06,2.78,2.78,2.69,2.78,650591
2023-09-07,2.81,2.81,2.78,2.81,261210
2023-09-08,2.81,2.83,2.81,2.81,184621
2023-09-11,2.83,2.95,2.71,2.92,1495614
2023-09-12,3.04,3.06,2.90,3.02,1493872
2023-09-13,3.06,3.06,2.88,2.88,1764412
2023-09-14,2.95,3.02,2.90,3.02,2795397
2023-09-15,3.16,3.16,3.09,3.16,3024891
2023-09-18,3.25,3.29,3.20,3.27,4196685
2023-09-20,3.41,3.43,3.29,3.43,10921718
2023-09-21,3.50,3.50,3.27,3.27,3458197
2023-09-22,3.20,3.20,3.20,3.20,323445
2023-09-25,3.16,3.16,3.16,3.16,184488
2023-09-26,3.11,3.11,3.11,3.11,74694
2023-09-27,3.06,3.06,3.06,3.06,99927
2023-09-28,3.02,3.02,3.02,3.02,61211
2023-09-29,2.97,2.97,2.97,2.97,82684
2023-10-03,2.92,3.02,2.92,3.02,1318908
2023-10-04,3.02,3.02,2.97,2.97,530756
2023-10-05,2.92,2.92,2.92,2.92,328891
2023-10-06,2.88,2.88,2.88,2.88,232919
2023-10-09,2.83,2.83,2.83,2.83,292146
2023-10-10,2.78,2.78,2.78,2.78,352079
2023-10-11,2.76,2.78,2.74,2.76,334924
2023-10-12,2.76,2.76,2.71,2.71,297079
2023-10-13,2.74,2.76,2.74,2.76,178225
2023-10-16,2.81,2.81,2.81,2.81,215600
2023-10-17,2.85,2.85,2.85,2.85,181438
2023-10-18,2.85,2.85,2.81,2.81,111203
2023-10-19,2.76,2.81,2.76,2.81,84962
2023-10-20,2.78,2.78,2.78,2.78,224921
2023-10-23,2.78,2.81,2.78,2.81,246219
2023-10-25,2.78,2.78,2.76,2.76,260008
2023-10-26,2.71,2.71,2.71,2.71,125824
2023-10-27,2.67,2.69,2.67,2.69,467308
2023-10-30,2.62,2.81,2.62,2.78,746859
2023-10-31,2.88,2.92,2.69,2.90,964515
2023-11-01,2.85,2.97,2.81,2.88,511243
2023-11-02,2.95,2.97,2.83,2.90,907965
2023-11-03,2.97,2.99,2.76,2.78,941760
2023-11-06,2.78,2.88,2.74,2.85,603091
2023-11-07,2.99,2.99,2.95,2.99,4533828
2023-11-08,2.99,2.99,2.90,2.92,1396075
2023-11-09,3.04,3.04,2.83,2.99,1498782
2023-11-10,3.06,3.06,2.85,2.90,1346587
2023-11-12,3.13,3.18,2.90,3.09,982463
2023-11-13,3.20,3.32,3.04,3.20,3841293
2023-11-15,3.46,3.50,3.22,3.29,9451783
2023-11-16,3.34,3.43,3.29,3.34,5464608
2023-11-17,3.67,3.67,3.34,3.39,58327207
2023-11-20,3.60,3.71,3.46,3.53,56740770
2023-11-21,3.71,3.71,3.34,3.39,58386914
2023-11-22,3.46,3.57,3.25,3.27,43083440
2023-11-23,3.29,3.46,3.29,3.39,45138575
2023-11-24,3.41,3.48,3.22,3.25,42567330
2023-11-28,3.48,3.57,3.39,3.46,82619363
2023-11-29,3.50,3.60,3.22,3.29,43004390
2023-11-30,3.27,3.29,3.02,3.09,39937461
2023-12-01,3.16,3.27,3.04,3.06,53043169
2023-12-04,3.22,3.22,3.02,3.04,42757300
2023-12-05,3.04,3.13,3.02,3.04,21447601
2023-12-06,3.06,3.09,2.78,2.85,42765712
2023-12-07,2.95,3.04,2.85,2.88,43357096
2023-12-08,2.92,3.06,2.78,2.81,54294958
2023-12-11,2.88,2.95,2.78,2.81,46972130
2023-12-12,2.83,2.85,2.74,2.81,40015432
2023-12-13,2.85,2.95,2.64,2.67,111991739
2023-12-14,2.71,2.78,2.64,2.67,67791911
2023-12-15,2.71,2.74,2.64,2.67,55304325
2023-12-18,2.69,2.71,2.58,2.60,50614082
2023-12-19,2.62,2.67,2.53,2.55,41465599
2023-12-20,2.60,2.92,2.55,2.78,69577879
2023-12-21,2.83,2.92,2.83,2.90,27709389
2023-12-22,2.95,2.99,2.90,2.92,25229913
2023-12-26,2.99,3.02,2.95,2.99,16413684
2023-12-27,3.02,3.32,3.02,3.22,72550409
2023-12-28,3.27,3.39,3.18,3.27,42176699
2023-12-29,3.32,3.34,3.18,3.25,24714043
2024-01-01,3.34,3.46,3.32,3.43,37048797
2024-01-02,3.57,4.11,3.53,4.11,98490696
2024-01-03,4.59,4.92,4.41,4.92,71688494
2024-01-04,5.29,5.41,5.20,5.41,21528267
2024-01-05,5.80,5.80,4.87,4.94,179638477
2024-01-08,5.17,5.43,5.01,5.43,91917605
2024-01-09,5.71,5.96,5.54,5.96,74044453
2024-01-10,5.82,6.03,5.66,5.68,40537171
2024-01-11,5.94,5.94,5.94,5.94,1369183
2024-01-12,6.22,6.22,6.22,6.22,1424491
2024-01-15,6.50,6.50,6.50,6.50,1342578
2024-01-16,6.82,6.82,6.26,6.82,23435909
2024-01-17,6.50,7.15,6.50,7.15,11329837
2024-01-18,7.01,7.01,7.01,7.01,3812483
2024-01-19,6.87,6.87,6.87,6.87,2109607
2024-01-20,6.73,6.73,6.73,6.73,1693841
2024-01-23,6.59,6.59,6.59,6.59,1385243
2024-01-24,6.45,6.45,6.45,6.45,866129
2024-01-25,6.36,6.36,6.36,6.36,1646562
2024-01-29,6.26,6.26,6.26,6.26,1451328
2024-01-30,6.17,6.17,6.17,6.17,875903
2024-01-31,6.08,6.08,6.08,6.08,719934
2024-02-01,5.99,5.99,5.99,5.99,664109
2024-02-02,5.89,5.89,5.89,5.89,786217
2024-02-05,5.80,5.80,5.80,5.80,993807
2024-02-06,5.71,5.71,5.71,5.71,663146
2024-02-07,5.61,5.61,5.61,5.61,1028770
2024-02-08,5.52,5.52,5.52,5.52,665949
2024-02-09,5.43,5.43,5.43,5.43,480997
2024-02-12,5.34,5.34,5.34,5.34,389724
2024-02-13,5.24,5.24,5.24,5.24,320184
2024-02-14,5.15,5.15,5.15,5.15,455399
2024-02-15,5.06,5.06,5.06,5.06,625921
2024-02-16,4.96,4.96,4.96,4.96,695056
2024-02-19,4.87,4.87,4.87,4.87,13049842
2024-02-20,4.78,4.78,4.78,4.78,767379
2024-02-21,4.69,4.69,4.69,4.69,467654
2024-02-22,4.59,4.59,4.59,4.59,644130
2024-02-23,4.50,4.50,4.50,4.50,602035
2024-02-26,4.36,4.50,4.27,4.27,23103045
2024-02-27,4.08,4.08,4.08,4.08,2000781
2024-02-28,3.90,3.90,3.90,3.90,1422572
2024-02-29,3.71,3.80,3.71,3.71,11248635
2024-03-01,3.53,3.53,3.53,3.53,5100815
2024-03-02,3.39,3.39,3.39,3.39,2667523
2024-03-04,3.29,3.53,3.25,3.53,8663472
2024-03-05,3.67,3.67,3.67,3.67,1997738
2024-03-06,3.80,3.80,3.48,3.80,29712983
2024-03-07,3.71,3.99,3.62,3.99,14305183
2024-03-11,3.90,3.94,3.80,3.80,7204144
2024-03-12,3.76,3.76,3.76,3.76,438038
2024-03-13,3.71,3.71,3.71,3.71,319255
2024-03-14,3.67,3.67,3.67,3.67,625610
2024-03-15,3.62,3.62,3.62,3.62,398748
2024-03-18,3.57,3.57,3.57,3.57,568957
2024-03-19,3.53,3.53,3.53,3.53,298790
2024-03-20,3.48,3.48,3.48,3.48,534974
2024-03-21,3.43,3.43,3.43,3.43,509126
2024-03-22,3.39,3.39,3.39,3.39,728799
2024-03-26,3.34,3.34,3.34,3.34,610360
2024-03-27,3.29,3.29,3.29,3.29,771636
2024-03-28,3.25,3.25,3.25,3.25,648971
2024-04-01,3.20,3.20,3.20,3.20,5450074
2024-04-02,3.25,3.25,3.20,3.20,6065123
2024-04-03,3.20,3.20,3.16,3.16,2487817
2024-04-04,3.11,3.11,3.11,3.11,2308064
2024-04-05,3.06,3.06,3.06,3.06,1425734
2024-04-08,3.02,3.02,3.02,3.02,754507
2024-04-09,2.97,3.06,2.97,3.06,5467552
2024-04-10,3.11,3.11,3.02,3.02,3753852
2024-04-12,2.97,2.97,2.97,2.97,1055816
2024-04-15,2.92,2.92,2.92,2.92,749932
2024-04-16,2.88,2.97,2.88,2.97,3081599
2024-04-18,3.02,3.02,3.02,3.02,2057292
2024-04-19,3.06,3.06,3.06,3.06,3657022
2024-04-22,3.20,3.20,3.20,3.20,1307851
2024-04-23,3.34,3.34,3.34,3.34,1076786
2024-04-24,3.48,3.48,3.48,3.48,1654401
2024-04-25,3.62,3.62,3.62,3.62,604746
2024-04-26,3.76,3.76,3.67,3.76,11312779
2024-04-29,3.85,3.94,3.80,3.94,6980999
2024-04-30,4.13,4.13,4.13,4.13,2776646
2024-05-02,4.08,4.08,4.08,4.08,2201171
2024-05-03,4.04,4.04,4.04,4.04,867805
2024-05-06,3.99,3.99,3.99,3.99,430451
2024-05-07,3.94,3.94,3.94,3.94,300399
2024-05-08,3.90,3.90,3.90,3.90,191841
2024-05-09,3.85,3.85,3.85,3.85,205142
2024-05-10,3.80,3.80,3.80,3.80,294667
2024-05-13,3.76,3.76,3.76,3.76,248149
2024-05-14,3.71,3.71,3.71,3.71,327044
2024-05-15,3.67,3.67,3.67,3.67,319945
2024-05-16,3.62,3.62,3.62,3.62,421850
2024-05-17,3.57,3.57,3.57,3.57,399273
2024-05-18,3.53,3.53,3.53,3.53,153170
2024-05-21,3.48,3.48,3.48,3.48,859311
2024-05-22,3.43,3.43,3.43,3.43,738812
2024-05-23,3.39,3.39,3.39,3.39,769354
2024-05-24,3.37,3.37,3.37,3.37,3991527
2024-05-27,3.48,3.48,3.48,3.48,1016595
2024-05-28,3.53,3.53,3.53,3.53,1060335
2024-05-29,3.57,3.57,3.48,3.48,4482861
2024-05-30,3.43,3.43,3.43,3.43,3833445
2024-05-31,3.45,3.45,3.40,3.40,2132954
2024-06-03,3.40,3.40,3.36,3.36,1733053
2024-06-04,3.31,3.31,3.31,3.31,673628
2024-06-05,3.26,3.26,3.26,3.26,1007555
2024-06-06,3.26,3.26,3.21,3.21,2055167
2024-06-07,3.21,3.21,3.21,3.21,1098473
2024-06-10,3.30,3.37,3.30,3.37,2150221
2024-06-11,3.53,3.53,3.53,3.53,1638193
2024-06-12,3.71,3.71,3.71,3.71,1260951
2024-06-13,3.88,3.88,3.88,3.88,1875384
2024-06-14,3.95,4.07,3.75,4.07,23205387
2024-06-18,4.27,4.27,4.27,4.27,4216691
2024-06-19,4.48,4.48,4.48,4.48,9286629
2024-06-20,4.39,4.39,4.39,4.39,5563107
2024-06-21,4.29,4.29,4.29,4.29,1613342
2024-06-24,4.20,4.21,4.20,4.20,7642024
2024-06-25,4.11,4.11,4.11,4.11,1373447
2024-06-26,4.03,4.03,4.03,4.03,981210
2024-06-27,3.94,3.94,3.94,3.94,956959
2024-06-28,3.86,3.86,3.86,3.86,1002003
2024-07-01,3.77,3.77,3.77,3.77,1898927
2024-07-02,3.71,3.84,3.71,3.84,7227971
2024-07-03,3.75,3.75,3.75,3.75,3939359
2024-07-04,3.68,3.68,3.68,3.68,2134660
2024-07-05,3.60,3.60,3.60,3.60,2665070
2024-07-08,3.53,3.67,3.53,3.67,11055988
2024-07-09,3.73,3.73,3.59,3.59,9647294
2024-07-10,3.52,3.52,3.52,3.52,2693752
2024-07-11,3.44,3.44,3.44,3.44,2250938
2024-07-12,3.36,3.49,3.36,3.49,5478633
2024-07-15,3.49,3.52,3.49,3.52,0
2024-07-16,3.52,3.58,3.52,3.58,1701785
2024-07-18,3.59,3.59,3.56,3.56,3781938
2024-07-19,3.55,3.55,3.54,3.55,2214462
2024-07-22,3.54,3.55,3.54,3.55,2054194
2024-07-23,3.56,3.62,3.56,3.62,2822708
2024-07-24,3.69,3.69,3.69,3.69,981426
2024-07-25,3.75,3.75,3.75,3.75,3641536
2024-07-26,3.68,3.70,3.68,3.68,3568984
2024-07-29,3.86,3.86,3.75,3.85,12630256
2024-07-30,3.87,3.88,3.67,3.71,8808553
2024-07-31,3.72,3.77,3.52,3.67,6378677
2024-08-01,3.68,3.72,3.58,3.61,4956311
2024-08-02,3.59,3.78,3.55,3.76,5637431
2024-08-05,3.87,3.87,3.59,3.71,13445932
2024-08-06,3.81,3.87,3.59,3.75,9995665
2024-08-07,3.80,3.83,3.69,3.72,7306951
2024-08-08,3.78,3.83,3.72,3.78,5813490
2024-08-09,3.96,3.96,3.77,3.79,5832571
2024-08-12,4.00,4.17,3.85,4.16,38703277
2024-08-13,4.30,4.57,4.27,4.57,60952032
2024-08-14,4.96,4.96,4.21,4.28,72070884
2024-08-16,4.37,4.60,4.18,4.26,29285431
2024-08-19,4.31,4.65,4.18,4.27,34973481
2024-08-20,4.39,4.57,4.23,4.26,28681170
2024-08-21,4.32,4.34,4.11,4.17,17290705
2024-08-22,4.21,4.23,4.10,4.11,10034548
2024-08-23,4.14,4.15,3.98,4.04,14622377
2024-08-26,4.11,4.11,3.87,3.94,13457922
2024-08-27,3.92,4.20,3.91,4.16,12601584
2024-08-28,4.21,4.21,4.02,4.03,9292367
2024-08-29,4.09,4.09,3.88,3.95,11322744
2024-08-30,4.04,4.04,3.90,3.93,5585543
2024-09-02,3.97,3.97,3.82,3.83,10087706
2024-09-03,3.84,3.91,3.82,3.87,7830120
2024-09-04,3.84,3.87,3.77,3.79,7936065
2024-09-05,3.80,3.83,3.77,3.78,7508180
2024-09-06,3.78,3.80,3.69,3.75,9333594
2024-09-09,3.78,3.82,3.66,3.69,8186380
2024-09-10,3.71,3.78,3.70,3.75,6130169
2024-09-11,3.77,3.79,3.65,3.66,7540400
2024-09-12,3.70,3.72,3.61,3.66,6746312
2024-09-13,3.69,4.02,3.66,4.00,21674608
2024-09-16,4.07,4.13,3.80,3.83,12480903
2024-09-17,3.80,3.82,3.71,3.75,7794474
2024-09-18,3.74,3.81,3.69,3.71,6356038
2024-09-19,3.73,3.77,3.64,3.69,7474185
2024-09-20,3.76,3.76,3.64,3.69,5458216
2024-09-23,3.74,3.77,3.70,3.71,5448862
2024-09-24,3.73,3.73,3.66,3.68,6095208
2024-09-25,3.69,3.70,3.61,3.62,5599534
2024-09-26,3.64,3.67,3.57,3.60,6784849
2024-09-27,3.63,3.67,3.61,3.64,5389218
2024-09-30,3.67,3.67,3.57,3.59,4304288
2024-10-01,3.62,3.64,3.57,3.59,4241182
2024-10-03,3.56,3.56,3.48,3.49,6560408
2024-10-04,3.52,3.65,3.37,3.53,7515317
2024-10-07,3.60,3.60,3.22,3.27,10646493
2024-10-08,3.31,3.63,3.28,3.56,8668214
2024-10-09,3.64,3.65,3.51,3.52,4654563
2024-10-10,3.53,3.54,3.50,3.52,2907714
2024-10-11,3.49,3.61,3.47,3.53,3173327
2024-10-14,3.53,3.61,3.48,3.51,3677496
2024-10-15,3.51,3.53,3.44,3.45,3463779
2024-10-16,3.45,3.57,3.42,3.48,5076443
2024-10-17,3.53,3.53,3.40,3.42,3243638
2024-10-18,3.42,3.45,3.31,3.36,6165352
2024-10-21,3.30,3.30,2.69,3.15,10456747
2024-10-22,3.07,3.68,2.99,3.01,7628823
2024-10-23,3.05,3.05,2.74,2.91,6173816
2024-10-24,2.85,3.04,2.84,2.96,2147646
2024-10-25,3.04,3.04,2.81,2.91,2754327
2024-10-28,2.98,2.98,2.84,2.88,2542722
2024-10-29,2.94,3.01,2.89,2.96,3912603
2024-10-30,3.01,3.08,2.96,3.03,1940068
2024-10-31,3.12,3.19,3.07,3.19,1911297
2024-11-01,3.31,3.34,3.26,3.34,1229469
2024-11-04,3.49,3.50,3.21,3.41,3823829
2024-11-05,3.34,3.34,3.34,3.34,787645
2024-11-06,3.26,3.26,3.26,3.26,949729
2024-11-07,3.20,3.20,3.19,3.19,1088453
2024-11-08,3.17,3.17,3.13,3.13,634814
2024-11-11,3.06,3.06,3.06,3.06,667354
2024-11-12,3.03,3.03,3.00,3.00,598178
2024-11-13,2.93,2.93,2.93,2.93,491843
2024-11-14,2.91,2.91,2.86,2.86,1226459
2024-11-18,2.92,2.92,2.91,2.92,1606694
2024-11-19,2.92,2.95,2.88,2.88,1103130
2024-11-21,2.84,2.84,2.83,2.83,778135
2024-11-22,2.83,2.83,2.83,2.83,1032111
2024-11-25,2.83,2.84,2.83,2.84,1250700
2024-11-26,2.85,2.88,2.85,2.88,639354
2024-11-27,2.88,2.88,2.88,2.88,698285
2024-11-28,2.87,2.94,2.83,2.83,2943545
2024-11-29,2.85,2.87,2.82,2.86,1817804
2024-12-02,2.86,2.87,2.86,2.87,812504
2024-12-03,2.88,2.88,2.87,2.87,1017256
2024-12-04,2.86,2.86,2.84,2.84,1061492
2024-12-05,2.84,2.87,2.84,2.87,984090
2024-12-06,2.87,2.90,2.87,2.90,1066424
2024-12-09,3.02,3.04,2.98,3.04,1591418
2024-12-10,3.19,3.19,3.17,3.19,1688334
2024-12-11,3.35,3.35,3.29,3.35,5205549
2024-12-12,3.45,3.50,3.18,3.27,8969363
2024-12-13,3.23,3.23,3.10,3.17,2846249
2024-12-16,3.23,3.31,3.12,3.27,2661104
2024-12-17,3.36,3.36,3.26,3.34,3191556
2024-12-18,3.45,3.47,3.34,3.37,3669838
2024-12-19,3.45,3.45,3.22,3.30,2777675
2024-12-20,3.37,3.46,3.27,3.40,5166526
2024-12-23,3.47,3.52,3.36,3.39,2210474
2024-12-24,3.39,3.39,3.22,3.25,2095558
2024-12-26,3.29,3.31,3.10,3.18,1824943
2024-12-27,3.20,3.20,3.04,3.09,1661783
2024-12-30,3.15,3.20,3.02,3.13,1418458
2024-12-31,3.13,3.19,3.07,3.15,1238790
2025-01-01,3.15,3.30,3.11,3.27,1734688
2025-01-02,3.36,3.38,3.15,3.23,1697902
2025-01-03,3.23,3.29,3.10,3.17,1739180
2025-01-06,3.18,3.20,3.01,3.02,2162410
2025-01-07,2.94,3.04,2.94,3.01,1246102
2025-01-08,3.01,3.04,2.91,2.95,1841694
2025-01-09,2.95,2.99,2.84,2.89,1708477
2025-01-10,2.89,2.98,2.79,2.82,2545456
2025-01-13,2.82,2.84,2.68,2.69,2990009
2025-01-14,2.69,2.83,2.69,2.83,668974
2025-01-15,2.96,2.96,2.93,2.96,779674
2025-01-16,3.02,3.10,2.99,3.08,2685612
2025-01-17,3.06,3.13,2.94,2.99,1442973
2025-01-20,3.02,3.02,2.92,2.96,1355638
2025-01-21,2.96,3.02,2.93,2.94,1291198
2025-01-22,2.93,2.93,2.79,2.84,2273061
2025-01-23,2.84,2.84,2.75,2.77,3151897
2025-01-24,2.83,2.84,2.68,2.71,3732791
2025-01-27,2.93,2.94,2.70,2.73,3120496
2025-01-28,2.75,2.82,2.61,2.67,4232782
2025-01-29,2.74,2.85,2.70,2.81,2775338
2025-01-30,2.84,2.87,2.76,2.78,1807388
2025-01-31,2.79,3.00,2.74,2.96,4587367
2025-02-01,3.02,3.06,2.97,2.98,2803157
2025-02-03,3.02,3.02,2.82,2.84,2579912
2025-02-04,2.84,2.91,2.82,2.84,1610868
2025-02-05,2.88,2.95,2.82,2.85,3704570
2025-02-06,2.88,2.90,2.84,2.86,1523978
2025-02-07,2.85,2.90,2.82,2.86,1779630
2025-02-10,2.92,2.95,2.79,2.81,2718056
2025-02-11,2.85,2.85,2.67,2.68,3039574
2025-02-12,2.68,2.68,2.36,2.64,3958529
2025-02-13,2.64,2.68,2.60,2.62,2084227
2025-02-14,2.62,2.67,2.41,2.50,2519527
2025-02-17,2.52,2.59,2.46,2.49,3870736
2025-02-18,2.49,2.52,2.39,2.44,2220275
2025-02-19,2.44,2.57,2.43,2.48,3741155
2025-02-20,2.50,2.60,2.41,2.56,2795720
2025-02-21,2.61,2.65,2.53,2.54,2569537
2025-02-24,2.53,2.58,2.48,2.56,1657329
2025-02-25,2.56,2.62,2.41,2.47,2729909
2025-02-27,2.47,2.51,2.37,2.38,2446714
2025-02-28,2.37,2.39,2.29,2.32,2778410
2025-03-03,2.33,2.39,2.17,2.21,3993885
2025-03-04,2.19,2.28,2.14,2.22,3010683
2025-03-05,2.23,2.50,2.22,2.48,5446631
2025-03-06,2.52,2.59,2.43,2.47,4220707
2025-03-07,2.49,2.54,2.46,2.51,2475648
2025-03-10,2.53,2.55,2.41,2.45,2454045
2025-03-11,2.42,2.43,2.34,2.38,2230568
2025-03-12,2.39,2.39,2.28,2.30,2221687
2025-03-13,2.30,2.41,2.27,2.28,1912174
2025-03-17,2.33,2.33,2.13,2.17,4496609
2025-03-18,2.17,2.30,2.17,2.23,3791386
2025-03-19,2.24,2.45,2.24,2.36,7241058
2025-03-20,2.42,2.47,2.33,2.33,3607891
2025-03-21,2.35,2.38,2.30,2.33,5830514
2025-03-24,2.36,2.39,2.26,2.28,5461961
2025-03-25,2.30,2.33,2.25,2.26,2926799
2025-03-26,2.25,2.28,2.11,2.15,6041907
2025-03-27,2.16,2.17,2.03,2.04,9747795
2025-03-28,2.03,2.20,1.98,1.99,8532402
2025-04-01,1.97,2.18,1.91,2.15,5366160
2025-04-02,2.18,2.23,2.09,2.13,4248206
2025-04-03,2.01,2.18,2.01,2.15,3071555
2025-04-04,2.17,2.17,2.09,2.13,2079634
2025-04-07,1.97,2.13,1.90,2.10,2719944
2025-04-08,2.16,2.16,2.09,2.12,1668957
2025-04-09,2.11,2.15,2.08,2.10,2114926
2025-04-11,2.17,2.18,2.11,2.12,1399833
2025-04-15,2.17,2.19,2.13,2.16,1828710
2025-04-16,2.18,2.20,2.13,2.14,1960315
2025-04-17,2.14,2.22,2.12,2.18,2851376
2025-04-21,2.21,2.35,2.16,2.31,4613166
2025-04-22,2.32,2.47,2.27,2.36,5659034
2025-04-23,2.40,2.45,2.29,2.33,2425487
2025-04-24,2.32,2.36,2.30,2.31,1749710
2025-04-25,2.31,2.33,2.19,2.21,2547549
2025-04-28,2.27,2.27,2.17,2.19,1539506
2025-04-29,2.18,2.24,2.16,2.18,1731723
2025-04-30,2.17,2.18,2.09,2.12,1526184
2025-05-02,2.13,2.16,2.10,2.13,1391532
2025-05-05,2.13,2.20,2.11,2.19,1378220
2025-05-06,2.19,2.19,2.04,2.06,2810347
2025-05-07,2.03,2.10,2.01,2.06,2525949
2025-05-08,2.06,2.17,2.00,2.04,2084507
2025-05-09,1.98,2.07,1.96,2.03,3276678
2025-05-12,2.05,2.29,2.05,2.18,3532878
2025-05-13,2.22,2.25,2.16,2.20,2785913
2025-05-14,2.22,2.30,2.18,2.28,2922635
2025-05-15,2.30,2.33,2.24,2.27,2254391
2025-05-16,2.30,2.33,2.26,2.27,3007872
2025-05-19,2.29,2.42,2.27,2.37,5904407
2025-05-20,2.39,2.39,2.25,2.27,3558139
2025-05-21,2.27,2.31,2.24,2.28,1639110
2025-05-22,2.34,2.36,2.26,2.27,2085633
2025-05-23,2.30,2.30,2.26,2.27,1490379
2025-05-26,2.28,2.33,2.26,2.29,2640049
2025-05-27,2.29,2.33,2.27,2.28,1909093
2025-05-28,2.25,2.25,2.16,2.17,5921820
2025-05-29,2.17,2.21,2.15,2.16,2052448
2025-05-30,2.17,2.18,2.12,2.16,2220428
2025-06-02,2.16,2.21,2.13,2.17,3267074
2025-06-03,2.17,2.20,2.14,2.15,1813464
2025-06-04,2.16,2.17,2.11,2.13,2311153
2025-06-05,2.13,2.17,2.13,2.13,2309640
2025-06-06,2.13,2.16,2.11,2.12,2221002
2025-06-09,2.12,2.20,2.12,2.15,3629921
2025-06-10,2.16,2.18,2.15,2.16,2051204
2025-06-11,2.16,2.31,2.16,2.20,7189989
2025-06-12,2.24,2.29,2.21,2.23,4855439
2025-06-13,2.20,2.22,2.16,2.16,3027938
2025-06-16,2.17,2.21,2.14,2.15,2600265
2025-06-17,2.15,2.17,2.10,2.10,3895950
2025-06-18,2.10,2.14,2.08,2.09,3144788
2025-06-19,2.09,2.11,2.01,2.04,3638713
2025-06-20,2.03,2.08,2.00,2.06,1989183
2025-06-23,2.06,2.06,2.02,2.04,2378548
2025-06-24,2.05,2.10,2.04,2.07,3004872
2025-06-25,2.08,2.16,2.08,2.10,3994140
2025-06-26,2.12,2.15,2.07,2.08,3374790
2025-06-27,2.11,2.12,2.07,2.08,2752070
2025-06-30,2.07,2.14,2.07,2.07,2910429
2025-07-01,2.09,2.13,2.09,2.10,2844028
2025-07-02,2.12,2.13,2.07,2.07,2553090
2025-07-03,2.08,2.11,2.06,2.08,2502500
2025-07-04,2.08,2.10,2.06,2.08,1805897
2025-07-07,2.10,2.11,2.06,2.06,2205192
2025-07-08,2.07,2.09,2.06,2.06,1169248
2025-07-09,2.08,2.09,2.06,2.07,1594459
2025-07-10,2.07,2.09,2.03,2.05,2330920
2025-07-11,2.05,2.06,2.03,2.04,1706041
2025-07-14,2.06,2.06,2.02,2.03,1971395
2025-07-15,2.05,2.06,2.03,2.03,1267604
2025-07-16,2.05,2.06,2.02,2.04,1407086
2025-07-17,2.03,2.06,2.02,2.02,2232229
2025-07-18,2.04,2.04,2.02,2.02,940801
2025-07-21,2.02,2.04,2.00,2.00,1313947
2025-07-22,2.02,2.04,2.00,2.00,1834159
2025-07-23,2.00,2.02,1.98,1.98,1842538
2025-07-24,1.98,2.01,1.98,1.98,1621836
2025-07-25,1.98,1.99,1.95,1.96,1429079
2025-07-28,1.95,1.96,1.92,1.92,1864961
2025-07-29,1.92,1.94,1.90,1.92,2056530
2025-07-30,1.92,1.98,1.91,1.93,1444977
2025-07-31,1.92,1.97,1.90,1.93,1689767
2025-08-01,1.93,1.95,1.89,1.89,1804476
2025-08-04,1.91,1.92,1.87,1.87,1861422
2025-08-05,1.87,1.89,1.86,1.86,1789611
2025-08-06,1.88,1.88,1.81,1.81,2138568
2025-08-07,1.81,1.82,1.75,1.77,2301731
2025-08-08,1.77,1.81,1.76,1.80,1412782
2025-08-11,1.82,1.83,1.76,1.80,1545770
2025-08-12,1.89,2.07,1.85,1.93,3338505
2025-08-13,1.91,1.91,1.82,1.84,2095270
2025-08-14,1.83,1.88,1.83,1.85,1013220
2025-08-18,1.88,1.91,1.84,1.86,1467380
2025-08-19,1.88,1.88,1.85,1.85,1203582
2025-08-20,1.85,1.96,1.84,1.89,1559284
2025-08-21,1.89,1.92,1.85,1.86,1750078
2025-08-22,1.86,1.88,1.85,1.85,1097583
2025-08-25,1.89,1.89,1.81,1.81,1303095
2025-08-26,1.81,1.85,1.80,1.81,871633
2025-08-28,1.81,1.82,1.79,1.79,883383
2025-08-29,1.79,1.82,1.77,1.78,995754
2025-09-01,1.78,1.80,1.76,1.78,1720651
2025-09-02,1.78,1.83,1.77,1.80,1876067
2025-09-03,1.81,1.84,1.79,1.82,1931027
2025-09-04,1.84,1.85,1.79,1.80,1570351
2025-09-05,1.82,1.83,1.79,1.80,1625820
2025-09-08,1.81,1.81,1.77,1.78,2376504
2025-09-09,1.79,1.81,1.77,1.77,1494501
2025-09-10,1.79,1.81,1.77,1.77,1985701
2025-09-11,1.77,1.83,1.77,1.78,2402044
2025-09-12,1.80,1.81,1.77,1.77,2090214
2025-09-15,1.79,1.80,1.77,1.78,2290080
2025-09-16,1.84,1.84,1.79,1.79,2076501
2025-09-17,1.81,1.82,1.79,1.81,2344726
2025-09-18,1.81,1.82,1.80,1.80,1142528
2025-09-19,1.81,1.81,1.76,1.79,2396579
2025-09-22,1.80,1.81,1.76,1.80,2709800
2025-09-23,1.81,1.81,1.78,1.79,1196827
2025-09-24,1.79,1.81,1.75,1.78,3272118
2025-09-25,1.77,1.80,1.76,1.77,1766076
2025-09-26,1.77,1.79,1.70,1.71,2516038
2025-09-29,1.70,1.73,1.67,1.67,2396294
2025-09-30,1.67,1.70,1.66,1.67,1352557
2025-10-01,1.67,1.70,1.66,1.69,1653818
2025-10-03,1.69,1.71,1.66,1.67,2322995
2025-10-06,1.67,1.70,1.65,1.66,1764287
2025-10-07,1.68,1.68,1.63,1.64,2482080
2025-10-08,1.65,1.65,1.61,1.64,3525223
2025-10-09,1.65,1.65,1.60,1.61,2252156
2025-10-10,1.63,1.63,1.59,1.60,2058955
2025-10-13,1.60,1.60,1.56,1.57,2954853
2025-10-14,1.60,1.60,1.53,1.53,2494260
2025-10-15,1.53,1.55,1.51,1.51,2280328
2025-10-16,1.51,1.64,1.50,1.62,3053189
2025-10-17,1.64,1.72,1.63,1.71,3289235
2025-10-20,1.72,1.74,1.64,1.66,2724297
2025-10-21,1.69,1.70,1.65,1.67,627689
2025-10-23,1.70,1.70,1.62,1.65,2047946
2025-10-24,1.64,1.67,1.64,1.65,1296985
2025-10-27,1.65,1.69,1.64,1.65,2075202
2025-10-28,1.64,1.67,1.62,1.65,1233036
2025-10-29,1.68,1.68,1.63,1.64,1458234
2025-10-30,1.67,1.97,1.66,1.81,23480963
2025-10-31,1.83,1.95,1.76,1.81,10614738
2025-11-03,1.81,1.83,1.73,1.74,2707600
2025-11-04,1.78,1.78,1.69,1.70,1955961
2025-11-06,1.70,1.74,1.64,1.65,2045677
2025-11-07,1.67,1.69,1.63,1.65,1182418
2025-11-10,1.67,1.68,1.63,1.64,1223578
2025-11-11,1.65,1.65,1.61,1.63,1297665
2025-11-12,1.64,1.64,1.57,1.58,4026668
2025-11-13,1.58,1.64,1.58,1.62,1892545
2025-11-14,1.61,1.63,1.60,1.62,1176241
2025-11-17,1.62,1.64,1.59,1.60,2121975
2025-11-18,1.62,1.63,1.57,1.58,1936420
2025-11-19,1.58,1.60,1.57,1.58,1020396
2025-11-20,1.58,1.60,1.49,1.53,4482661
2025-11-21,1.53,1.55,1.51,1.52,1201744
2025-11-24,1.53,1.60,1.52,1.57,2214259
2025-11-25,1.58,1.59,1.52,1.53,1203133
2025-11-26,1.55,1.57,1.53,1.54,870505
2025-11-27,1.56,1.57,1.53,1.53,1048106
2025-11-28,1.53,1.55,1.52,1.52,822849
2025-12-01,1.52,1.56,1.51,1.52,1078315
2025-12-02,1.54,1.54,1.50,1.51,1139410
2025-12-03,1.51,1.52,1.47,1.49,1613325
2025-12-04,1.52,1.76,1.48,1.63,7666911
2025-12-05,1.63,1.64,1.54,1.58,1282726
2025-12-08,1.60,1.60,1.50,1.51,1167442
2025-12-09,1.50,1.55,1.49,1.53,1150313
2025-12-10,1.54,1.59,1.53,1.54,2172688
2025-12-11,1.54,1.56,1.49,1.50,2306281
2025-12-12,1.52,1.55,1.50,1.50,1714679
2025-12-15,1.50,1.53,1.49,1.51,1027542
2025-12-16,1.50,1.52,1.47,1.49,1467702
2025-12-17,1.49,1.53,1.48,1.49,1230597
2025-12-18,1.50,1.50,1.45,1.46,1953677
2025-12-19,1.46,1.49,1.46,1.46,1001803
2025-12-22,1.46,1.48,1.46,1.47,1652701
2025-12-23,1.47,1.49,1.46,1.47,1395916
2025-12-24,1.47,1.48,1.47,1.47,808796
2025-12-26,1.47,1.48,1.45,1.46,1473242
2025-12-29,1.45,1.47,1.43,1.44,1518233
2025-12-30,1.44,1.45,1.42,1.43,1292359
2025-12-31,1.43,1.45,1.42,1.42,1211369
2026-01-01,1.43,1.47,1.43,1.45,1069086
2026-01-02,1.45,1.47,1.43,1.46,1173830
2026-01-05,1.46,1.47,1.41,1.42,2307889
2026-01-06,1.42,1.44,1.40,1.41,1249374
2026-01-07,1.41,1.43,1.40,1.41,1260954
2026-01-08,1.42,1.44,1.40,1.42,1543786
2026-01-09,1.42,1.44,1.40,1.41,1139287
2026-01-12,1.41,1.43,1.36,1.39,2045875
2026-01-13,1.38,1.39,1.35,1.37,1487766
2026-01-14,1.37,1.45,1.34,1.42,1898879
2026-01-16,1.42,1.44,1.37,1.38,1265983
2026-01-19,1.42,1.44,1.32,1.33,3186637
2026-01-20,1.34,1.36,1.10,1.24,3091583
2026-01-21,1.21,1.29,1.19,1.20,2355191
2026-01-22,1.22,1.26,1.20,1.24,1391430
2026-01-23,1.26,1.29,1.17,1.20,2084173
2026-01-27,1.20,1.23,1.18,1.18,1129047
2026-01-28,1.18,1.32,1.18,1.29,2370258
2026-01-29,1.32,1.55,1.30,1.47,7097349
2026-01-30,1.47,1.69,1.47,1.63,9476261
2026-02-01,1.76,1.76,1.52,1.55,3551218
2026-02-02,1.49,1.55,1.35,1.43,3288322
2026-02-03,1.49,1.51,1.47,1.49,2093259
2026-02-04,1.49,1.49,1.42,1.44,3098144
2026-02-05,1.46,1.47,1.43,1.45,978355
2026-02-06,1.45,1.47,1.42,1.42,817140
2026-02-09,1.45,1.46,1.43,1.44,1143977
2026-02-10,1.44,1.45,1.42,1.43,1072418
2026-02-11,1.44,1.44,1.42,1.43,826855
2026-02-12,1.43,1.44,1.42,1.43,735698
2026-02-13,1.43,1.44,1.41,1.42,1379290
2026-02-16,1.41,1.44,1.39,1.40,823019
2026-02-17,1.42,1.43,1.40,1.41,542147
2026-02-18,1.41,1.43,1.39,1.40,1208591
2026-02-19,1.39,1.41,1.37,1.38,886071
2026-02-20,1.38,1.39,1.33,1.34,1177218
2026-02-23,1.33,1.36,1.30,1.30,1119622
2026-02-24,1.30,1.31,1.29,1.29,906352
2026-02-25,1.29,1.29,1.06,1.21,2704780
2026-02-26,1.27,1.27,1.21,1.22,1345359
2026-02-27,1.22,1.26,1.21,1.24,1061270
2026-03-02,1.21,1.22,1.13,1.17,2859065
2026-03-04,1.15,1.18,1.11,1.15,1925674
2026-03-05,1.15,1.38,1.15,1.38,7779010
2026-03-06,1.45,1.49,1.28,1.29,6075832
2026-03-09,1.23,1.31,1.19,1.25,2537809
2026-03-10,1.24,1.36,1.21,1.23,4392049
2026-03-11,1.26,1.26,1.22,1.22,1555013
2026-03-12,1.22,1.23,1.18,1.21,2066784
2026-03-13,1.21,1.22,1.20,1.20,1335780
2026-03-16,1.20,1.24,1.19,1.21,2272955
2026-03-17,1.22,1.25,1.20,1.20,1403012
2026-03-18,1.20,1.24,1.20,1.21,2539025
2026-03-19,1.21,1.21,1.18,1.19,1227064
2026-03-20,1.19,1.21,1.18,1.18,1202456
2026-03-23,1.18,1.19,1.10,1.12,2285851
2026-03-24,1.19,1.19,1.12,1.12,1698699
2026-03-25,1.15,1.16,1.11,1.12,5803571
2026-03-27,1.12,1.13,1.04,1.05,4743094
2026-03-30,1.05,1.08,0.95,0.95,5379504
2026-04-01,1.06,1.14,1.00,1.13,3911556
2026-04-02,1.13,1.14,1.05,1.13,1934058
2026-04-06,1.13,1.14,1.10,1.12,1625975
2026-04-07,1.13,1.23,1.12,1.14,3372924
2026-04-08,1.21,1.27,1.20,1.22,3196316
2026-04-09,1.24,1.29,1.24,1.25,2191341
2026-04-10,1.28,1.29,1.25,1.28,1644358
2026-04-13,1.28,1.28,1.17,1.21,1417180
2026-04-15,1.26,1.32,1.25,1.30,2825518
2026-04-16,1.33,1.36,1.32,1.33,3113782
2026-04-17,1.33,1.35,1.31,1.33,2204706
2026-04-20,1.35,1.35,1.30,1.30,1398401
2026-04-21,1.30,1.31,1.26,1.29,1342590
2026-04-22,1.30,1.30,1.21,1.27,2627806
2026-04-23,1.27,1.30,1.26,1.29,1507661
2026-04-24,1.30,1.30,1.25,1.26,1932780
2026-04-27,1.26,1.29,1.25,1.26,1720156
2026-04-28,1.28,1.29,1.26,1.28,1364830
2026-04-29,1.29,1.29,1.26,1.26,1209233
2026-04-30,1.27,1.28,1.23,1.23,1067138
2026-05-04,1.23,1.26,1.21,1.23,1351199
2026-05-05,1.23,1.25,1.22,1.23,901030
2026-05-06,1.23,1.46,1.23,1.37,10498220
2026-05-07,1.49,1.63,1.39,1.58,18236241
2026-05-08,1.61,1.66,1.51,1.63,11907375
2026-05-11,1.64,1.67,1.51,1.53,6078233
2026-05-12,1.57,1.65,1.56,1.58,8563459
2026-05-13,1.59,1.65,1.52,1.63,4922906
2026-05-14,1.64,1.66,1.56,1.61,5239530
2026-05-15,1.64,1.64,1.59,1.61,3417430
2026-05-18,1.63,1.64,1.53,1.54,6788653
2026-05-19,1.56,1.62,1.54,1.60,3873297
2026-05-20,1.60,1.65,1.55,1.60,1831223
2026-05-21,1.60,1.68,1.55,1.66,1974492
2026-05-22,1.66,1.67,1.60,1.63,1775786
2026-05-25,1.61,1.66,1.59,1.61,1339374
2026-05-26,1.61,1.62,1.56,1.60,1736219
2026-05-27,1.57,1.63,1.56,1.60,1660844
2026-05-29,1.58,1.68,1.52,1.65,6393158
2026-06-01,1.65,1.73,1.58,1.72,11692085
2026-06-02,1.70,1.77,1.68,1.73,3270570
2026-06-03,1.76,1.76,1.68,1.70,3381327
2026-06-04,1.70,1.70,1.65,1.66,4721790
2026-06-05,1.67,1.69,1.61,1.65,3452704
2026-06-08,1.62,1.69,1.58,1.67,4796983
2026-06-09,1.67,1.73,1.65,1.69,6179136
2026-06-10,1.69,1.71,1.63,1.63,2450925
2026-06-11,1.63,1.63,1.55,1.55,1150883
2026-06-12,1.55,1.59,1.50,1.54,1551194
2026-06-15,1.54,1.57,1.51,1.52,1534951
2026-06-16,1.45,1.48,1.45,1.45,2673801
2026-06-17,1.42,1.44,1.40,1.41,971157
2026-06-18,1.45,1.45,1.41,1.42,1633448
2026-06-19,1.42,1.43,1.39,1.42,9788093
2026-06-22,1.42,1.44,1.38,1.41,16783005
2026-06-23,1.41,1.45,1.39,1.39,854551
2026-06-24,1.40,1.41,1.38,1.38,1357141
2026-06-25,1.37,1.39,1.36,1.37,3811911
2026-06-29,1.33,1.40,1.33,1.33,4503902
2026-06-30,1.30,1.33,1.28,1.28,2930140
2026-07-01,1.26,1.33,1.26,1.32,4875538
2026-07-02,1.35,1.35,1.28,1.30,789507
2026-07-03,1.30,1.31,1.27,1.27,3149133
2026-07-06,1.27,1.29,1.25,1.25,3089251
2026-07-07,1.25,1.27,1.22,1.24,958195
2026-07-08,1.24,1.25,1.22,1.22,2647738
2026-07-09,1.22,1.24,1.19,1.22,1443695
2026-07-10,1.22,1.25,1.21,1.23,759736
2026-07-13,1.20,1.24,1.20,1.20,1504083
2026-07-14,1.23,1.23,1.20,1.21,1136864
2026-07-15,1.20,1.22,1.16,1.17,2068818
2026-07-16,1.18,1.21,1.17,1.18,1284343
2026-07-17,1.19,1.20,1.15,1.19,1345610
2026-07-20,1.17,1.19,1.15,1.16,725956
2026-07-21,1.15,1.17,1.14,1.15,1254389
2026-07-22,1.15,1.16,1.13,1.14,1543740
2026-07-23,1.15,1.15,1.13,1.13,959893
2026-07-24,1.13,1.13,1.11,1.11,1061001
2026-07-27,1.11,1.12,1.08,1.08,1192688
2026-07-28,1.09,1.09,1.05,1.06,1746458
2026-07-29,1.06,1.07,1.04,1.05,1441638
2026-07-30,1.05,1.06,1.04,1.05,666805
2026-07-31,1.06,1.10,1.05,1.10,1362018
2026-08-03,1.13,1.15,1.11,1.15,757500
2026-08-04,1.20,1.20,1.18,1.20,490651
2026-08-05,1.26,1.26,1.26,1.26,346159
2026-08-06,1.31,1.32,1.22,1.23,2704193
2026-08-07,1.24,1.25,1.22,1.24,790202
2026-08-10,1.25,1.30,1.24,1.29,4679511
2026-08-11,1.34,1.35,1.34,1.34,11132045
2026-08-12,1.40,1.40,1.39,1.39,11778306
2026-08-13,1.45,1.45,1.44,1.45,4779857
2026-08-14,1.52,1.52,1.38,1.38,21721251
2026-08-17,1.32,1.32,1.32,1.32,494068
2026-08-18,1.26,1.26,1.26,1.26,783375
2026-08-19,1.22,1.25,1.20,1.20,7574592
2026-08-20,1.18,1.25,1.14,1.14,7538111
2026-08-21,1.10,1.17,1.10,1.14,2062286
2026-08-24,1.14,1.19,1.13,1.18,3920395
2026-08-25,1.16,1.19,1.13,1.13,5396157
2026-08-26,1.12,1.14,1.08,1.08,8859713
2026-08-27,1.09,1.12,1.03,1.03,10836008
2026-08-28,1.05,1.08,1.03,1.08,1512552
2026-08-31,1.10,1.13,1.03,1.03,10180112
2026-09-01,1.03,1.06,1.03,1.04,3144152
2026-09-02,1.06,1.06,1.03,1.04,2411294
2026-09-03,1.04,1.08,1.04,1.05,3372468
2026-09-04,1.05,1.08,1.05,1.05,2849052
2026-09-07,1.05,1.10,1.05,1.10,2788603
2026-09-08,1.10,1.15,1.05,1.05,8096583
2026-09-09,1.06,1.07,1.05,1.06,2109879
2026-09-10,1.07,1.09,1.06,1.06,1170605
2026-09-11,1.07,1.07,1.04,1.06,1743261
2026-09-15,1.06,1.07,1.04,1.04,1407735
2026-09-16,1.04,1.05,1.03,1.04,1782429
2026-09-17,1.04,1.06,1.01,1.02,3370054
2026-09-18,1.03,1.04,1.02,1.03,1591457
